5958127
6648819
2930845
4675678
3903275
3927850
3438717
1600664
6110913
5283716
6754612
4784148
149597
9854980
669780
1873491
6477858
2482213
5091426
2517620
9768644
9334350
2960024
8273499
7352331
4051026
6231006
5265975
4321347
2380972
8314248
4204755
9338024
9860130
5598212
501361
7210650
9586677
5406410
753589
6052475
5515189
1999464
6427237
2968278
6970415
653477
5230120
4166366
4502589
1416995
8111209
9724420
8724480
877190
8596934
688605
3362079
6575298
1740573
7799993
7885646
3010633
683319
8219744
7514452
2097089
2462734
293575
1757863
576024
4373113
4423552
4001164
5704238
5413908
3855365
7920267
6775748
9024149
6393666
9042962
2314829
1219666
5709436
9569586
1150216
3846003
9431658
5585589
3920929
1438140
9851193
9989439
9218390
6300221
2929352
2191874
6473085
3862544
8493732
7847935
9951844
1417585
4072857
4967305
458298
3260190
5653910
6227973
1166386
9185512
2297130
2832964
3206082
2774309
256369
264677
1899744
5009960
6629804
4125208
8090928
5945360
2452172
2342973
9184313
9244965
483414
4741072
8899426
5140085
1486853
2281381
8709290
7555405
1329771
3578441
5465632
5068417
9085500
583060
6905446
8886241
3649173
2001984
592160
6969634
4438872
4217295
1651675
3213244
7735362
5704202
4521463
8704450
9670318
5855922
1137845
5031897
1710705
9049930
207255
9625098
8569224
5260552
5285739
6096206
5091739
2462060
14836
5129961
8062422
2577329
6852387
1768774
8311523
1982015
201966
1595426
989191
8903084
9761964
1948960
6214774
8870469
5292119
8242138
9056837
1059511
3975356
5195792
9833086
479481
5559415
3045675
7837439
6066727
501999
2580418
7190464
5405884
4894924
2299928
892945
5651988
8091842
3426827
947155
2015612
3341283
9269815
2689806
1979947
8426827
2681814
1183809
9771562
1142727
2812731
6955291
1085242
9022024
8990789
1481928
525234
2223915
9409230
2196910
3103123
7461540
6357272
1118218
823721
1343281
2471502
4625963
8772680
3080568
831883
6198745
1436299
8426153
3075234
3423516
5180127
5068659
8894740
1452465
665360
8893489
7060563
786122
6569684
9274723
1977221
9379420
6175515
7918017
3351730
1391283
7392417
9005442
5388777
2117960
7730154
5438491
1652484
2990236
4322590
172036
4229747
6740438
3758852
4624336
1292366
428132
3806932
2675738
4196038
4004084
4225834
5327847
1930978
5280397
5208186
8170852
296486
6636393
7360857
4645774
9771435
986647
8269613
3091857
6811120
3029962
5685799
6438488
8698426
4634976
9113185
2308727
2714424
6632817
1764371
3214393
9118904
7246354
3786099
8848592
9006344
6465697
5100130
4505689
3771099
5257464
6031422
9508141
6755190
6821926
2156809
932883
8775227
3714711
4065628
5752932
3205100
3381716
8429805
8370824
165186
2990471
3692205
9970887
6292359
9006927
8450353
5530824
3571122
5928407
4563952
8965232
55126
8134629
3809158
1620787
2167810
6163412
9491092
2446307
3029567
6593907
4753989
302273
1514667
3545936
4537191
1461833
3456443
7675663
6031783
2558178
4273004
7405279
9047097
8407350
299084
6587790
1161423
9854194
8480038
9767481
8073596
1074379
5813057
8256549
3447706
3600282
5652003
4107311
2464416
4102951
3586118
4430448
4978670
282651
8166461
7457287
6181670
5978392
4938065
3237720
9261974
4248590
9788576
1912851
9479354
9993251
4070544
6936988
964191
8546710
397621
8727742
4385116
8398263
6557909
6083651
5845116
4848466
7587216
865633
2009331
4819570
8277387
5483900
2090059
9713630
6234864
7714169
9013202
4728477
7697751
1359030
621821
4439434
8139380
7034307
420505
8625900
5407303
2832033
4289119
6439612
301267
1523732
1558994
952400
9256725
164207
9354272
4944119
2218051
4103462
1488044
8402036
4996482
5856070
4544153
1554958
2385181
1850018
7263085
9397841
8991718
3179977
7850767
6801462
3391275
8311615
7754899
217197
6654623
8636092
5581239
8126029
5467281
9882910
1674391
3330749
6596998
4091806
8294885
4332108
6952279
8795600
5923801
8952383
511493
1737649
8123804
2062160
1586952
8034587
4281096
5567927
7967533
5272303
6014055
4592815
7217518
4185396
3730196
1661542
4227839
9073928
1025653
6155909
1432913
6479640
5524442
6472247
8668410
517581
5985710
6768670
6929232
6580473
1501177
3004983
9000184
6461907
5117584
4423090
8898882
9563699
3475824
2978155
8838627
2772936
9874915
9439753
4534004
9164420
9507676
4946818
3772464
3326013
4392153
6034646
2903982
6098400
2075503
7771367
1243905
4599575
1596178
5558027
273518
231996
9785790
1078223
1772668
233621
7078993
2455384
3960000
1702909
2649324
2721102
6065918
8462328
258393
9402415
9693685
1538977
4028729
1363179
437600
9358448
2927412
8105618
8730432
5581501
2563119
7824444
1618934
4460285
5770849
2297447
3302651
2231077
8716688
9653087
65487
3170663
3706150
1959843
684228
6498420
6002989
7487804
4371339
6047087
4774545
5421653
4612466
9082613
8853899
8249796
1558559
8775726
6400878
5556100
2840931
6147177
1078713
2309003
9892323
487161
4089429
8783838
5154155
1184400
7946725
5317055
2388514
5938896
9633226
8106244
7800463
2088243
4684366
9077723
2835055
2447494
4284343
7922999
4634510
2128384
5495884
2012831
9882555
7597756
1845525
9759332
983457
414097
3491595
6423393
522626
7218511
6631039
6036754
4166546
7788176
3608786
1931170
4589567
2531354
3009649
9352475
1734071
7559317
5874340
7591582
7478497
4931618
723956
5506291
5231227
4597661
9806409
4425076
2413798
8598546
4144868
4841569
7014945
8324258
5417241
7431893
415484
4388745
8995962
5669018
6747069
6117446
4908780
8740674
9616522
6303543
1797277
8310549
7375851
3613405
156228
9323050
8585341
3235939
4632834
3702638
8537408
1881250
1683101
7463415
8089947
7531741
5185726
4224174
9703191
2547871
3396737
5475836
6221571
6261001
5854417
1681086
1351507
964846
6095193
3851350
4403248
1836971
8944207
9325735
6506531
9530497
6017277
4487355
2300097
8395995
1073797
1049574
230644
3736694
9635282
2454012
2126
7201867
2894004
4493404
1214445
2425124
1077449
9098783
9572554
7021346
6362143
1895193
2359868
6759105
4410521
5621544
7317879
6265147
8252171
1324570
9812983
8872619
4265868
621854
4981314
3920694
4473037
4113572
3835872
5543859
1613898
7023322
9611752
4886210
4007240
8468278
7254161
2531547
8799081
6000362
5392264
9299100
9546819
7361700
5551485
456897
2497092
6824021
1466960
3552921
2375330
3026313
4946223
9908103
1496322
7056562
3533719
589346
2851962
6117097
9573805
5933720
5762782
9138341
7282309
6249811
2503591
2801854
9926178
7646081
6354590
4094386
6605852
8283478
5079827
8136153
8294673
759408
5458536
7813526
5522896
6648210
4152544
3326045
977
5151657
220190
7432721
1578454
3014344
6484566
8767916
6993464
4579904
416522
9594358
8497279
7082401
4507864
9164727
212843
3754753
7658084
7022972
5516651
5819169
3183836
4770839
7971779
1260775
70471
9139636
8571948
3233463
7648579
7476121
4372329
4019642
4662872
582988
5613493
2617532
9851746
7258193
6288932
5504352
9753664
2217723
5886751
9967218
1278835
8233008
2223783
7688233
5252756
3457936
7180510
9562256
1293448
3054416
6935804
6421219
1537116
4712132
298968
3647229
1801843
5011414
1328488
2324383
8069267
1640427
2838703
4861862
7026402
8177337
4532883
3022038
7639383
8465194
3028104
9830414
9224513
2616675
5636126
3209683
9134508
4974318
2699190
3077115
9545519
2729218
2100104
7430960
6908706
748418
868493
958333
618546
4345434
708342
9879231
3167874
7708706
8987692
4431195
2849675
7841482
715992
5218679
3507863
8962289
9215708
2751345
3262225
4897446
4209536
159051
6996133
2074390
7651344
7231684
1872493
412526
9763427
387648
4200995
2438079
4025086
2538927
3420005
9016352
3611628
2823992
7386864
5110100
8191228
8367140
8957301
2046219
6994695
4923980
919558
3007777
4031642
2875576
3210389
2167975
9340558
259851
6565675
719031
7032688
151714
4290803
8085311
4074258
3379033
7823451
8381831
8976840
2019274
8289531
3289950
6140948
4502038
8229508
4010160
6366607
4115100
3004213
9302085
74619
8120268
8994723
3590667
5344791
5172592
3959424
6266076
6656328
2514190
6715465
1165439
7807375
2981931
7647760
4551333
9894421
2824252
432574
3145865
319096
4206787
9206759
5962817
1724122
7135546
1801850
1363739
9492576
