582
542
428
70
886
207
56
233
415
810
917
998
37
0
16
309
471
786
80
59
238
156
484
260
942
46
984
126
130
31
207
877
243
51
560
536
450
792
784
903
523
969
661
575
761
987
330
618
321
305
568
19
438
617
136
640
290
614
352
522
830
93
774
89
494
0
637
88
293
596
669
733
287
874
497
941
180
635
487
866
541
308
634
644
942
311
746
801
255
167
617
566
942
839
145
974
113
336
2
677
931
566
822
672
158
884
644
624
540
262
116
468
613
194
446
666
621
843
713
149
876
935
47
153
882
511
102
633
240
400
769
865
514
688
613
673
69
591
865
868
286
473
303
909
911
354
57
189
316
351
492
728
562
541
496
931
210
532
672
552
368
233
958
139
3
76
874
238
935
413
300
609
842
142
4
361
277
258
959
101
926
747
977
812
41
891
19
512
394
763
243
795
465
586
788
69
701
183
122
954
926
748
721
52
733
658
528
379
377
487
713
217
453
501
468
446
480
364
256
510
837
728
869
941
613
988
551
368
230
362
222
852
733
974
11
845
623
78
36
55
996
843
247
628
378
237
522
849
963
335
909
803
62
76
281
699
816
670
189
336
76
159
413
132
925
620
794
634
114
172
789
872
275
543
773
433
68
301
810
172
359
965
597
78
241
73
403
251
868
857
209
575
594
756
633
466
354
721
767
290
662
397
313
912
347
439
774
743
20
495
736
75
948
91
753
540
35
570
858
982
476
38
17
351
610
644
373
67
322
914
684
388
647
944
214
417
198
114
245
328
4
617
714
380
943
147
285
716
488
1
130
143
198
504
243
265
810
118
646
265
708
55
116
940
685
944
871
424
801
168
716
892
71
160
725
726
446
233
126
389
967
351
414
259
204
735
698
682
121
598
690
971
712
990
8
820
938
229
181
629
931
897
63
294
593
166
42
42
243
684
878
551
47
395
870
397
725
163
974
91
702
529
920
466
850
135
901
723
40
378
141
139
923
228
568
578
336
168
274
498
902
953
623
54
554
587
470
682
328
646
810
638
488
472
131
877
240
393
185
58
245
361
4
393
57
522
476
391
407
831
625
404
819
224
630
56
843
667
876
205
431
131
483
2
332
910
601
120
281
790
282
407
852
756
88
831
681
112
552
627
712
658
457
650
558
77
738
849
830
397
363
862
625
516
515
332
477
353
250
666
514
598
338
401
596
593
163
18
866
615
238
178
153
685
609
229
801
87
752
946
297
782
259
254
354
489
412
217
938
565
199
435
268
625
613
789
984
543
40
514
735
97
252
818
833
171
162
468
603
15
104
825
207
23
975
3
677
943
21
93
995
952
408
742
686
960
320
995
366
566
894
746
499
466
56
84
616
95
185
121
457
572
123
474
509
10
296
252
411
208
351
719
731
781
449
864
574
906
788
699
944
754
121
980
210
451
688
876
333
190
262
676
220
537
550
769
4
772
835
368
970
627
584
246
45
98
586
56
418
561
696
174
961
37
626
719
700
663
31
76
149
341
111
893
277
909
208
766
482
339
858
778
765
765
372
354
833
992
246
819
788
973
818
145
892
793
675
428
237
421
941
590
616
859
987
759
584
411
704
313
368
26
618
842
291
414
404
236
285
500
287
372
172
489
256
403
103
484
486
948
296
377
555
674
495
472
245
716
878
723
673
10
191
342
194
797
614
711
215
237
332
668
106
915
913
340
754
672
538
703
159
543
484
188
69
201
173
723
252
836
787
275
741
714
162
455
380
582
399
89
33
733
703
839
59
691
139
223
552
158
687
173
230
651
335
844
713
996
549
117
118
373
17
543
805
292
611
202
282
891
953
764
590
109
219
342
869
965
316
89
201
161
660
402
574
653
343
393
187
963
517
203
956
163
391
201
276
708
706
664
160
487
187
355
306
487
289
305
415
403
517
469
319
256
991
99
21
765
256
488
37
901
110
792
570
364
372
401
876
811
161
225
915
786
167
956
297
744
53
940
59
704
755
905
496
847
442
588
923
895
243
784
639
636
199
280
268
70
423
353
538
736
55
422
8
134
593
851
888
670
765
329
111
889
791
135
963
930
74
180
104
238
817
279
550
330
409
495
654
519
270
469
322
898
962
93
399
700
932
649
778
518
115
589
460
417
338
906
961
801
995
25
89
129
849
208
448
982
219
840
504
927
645
669
451
259
828
639
11
497
27
995
410
271
84
985
970
792
946
811
110
698
906
752
771
29
667
709
659
719
522
226
935
835
755
527
158
656
76
660
798
17
996
4
21
790
65
631
662
141
144
400
915
818
148
342
70
66
794
713
198
121
660
405
450
463
879
607
878
414
572
34
851
69
499
511
238
696
509
232
761
361
451
688
773
757
212
289
603
936
635
381
15
88
430
223
938
665
265
803
280
831
316
917
807
431
381
924
429
657
964
78
577
506
750
747
80
343
212
29
85
471
248
683
37
85
170
371
148
508
238
684
437
58
615
911
307
951
691
91
185
819
866
827
788
606
657
575
840
74
565
248
340
581
513
258
757
708
684
613
992
745
669
782
672
844
955
379
229
436
946
265
107
530
214
600
856
557
520
87
407
442
849
208
237
350
436
324
299
414
508
951
456
131
591
385
314
418
224
760
148
946
506
646
905
519
477
702
154
808
311
505
543
224
815
462
714
300
592
749
808
912
271
640
486
759
158
962
425
75
249
425
565
909
334
96
830
731
292
685
958
240
394
363
757
625
682
707
504
807
731
74
702
403
729
482
979
206
990
138
80
233
690
325
350
100
700
168
79
889
661
896
558
381
404
332
820
668
276
502
236
177
945
780
485
798
919
319
84
578
479
957
705
969
987
5
618
25
769
570
801
550
805
969
430
51
989
348
907
79
971
472
676
128
120
841
774
109
635
982
739
351
623
297
134
102
353
772
290
273
433
565
170
189
376
0
886
257
854
244
823
465
372
962
1000
148
983
399
607
850
762
791
920
147
418
911
544
777
844
342
625
247
313
52
546
523
964
400
455
278
275
837
846
232
901
726
517
332
91
7
276
695
535
399
967
967
748
949
756
162
843
976
285
964
352
101
638
277
950
558
987
696
189
971
490
736
497
348
687
64
918
328
588
386
541
405
598
208
456
986
960
128
427
104
448
814
427
48
996
808
730
476
609
501
591
314
991
419
983
395
692
548
822
193
997
32
888
736
482
190
439
311
305
931
472
714
788
878
245
258
502
323
529
730
563
952
287
192
987
4
842
978
588
122
467
42
770
252
42
462
762
887
809
12
736
58
633
348
637
515
629
934
439
783
76
393
231
470
721
880
946
989
658
962
690
535
434
529
649
229
468
385
844
701
1000
928
895
207
236
901
123
620
22
563
542
234
620
407
857
536
462
751
104
96
427
501
616
577
267
813
140
582
381
914
743
814
813
901
19
445
341
432
799
951
767
192
272
584
649
145
383
648
170
573
387
131
459
303
328
697
468
337
795
871
284
583
456
498
477
844
340
940
301
535
621
229
856
459
483
384
649
131
670
747
399
370
544
551
879
992
890
81
853
370
291
687
516
356
670
926
789
379
639
888
687
715
332
761
57
227
237
826
808
777
171
597
525
970
328
95
835
216
204
794
661
527
808
201
664
663
229
60
700
51
915
511
7
351
953
411
104
138
320
112
762
745
865
399
528
429
408
15
404
382
208
949
400
412
753
954
697
7
780
74
580
555
354
376
25
708
781
69
66
800
899
288
400
366
316
228
163
887
413
720
327
479
73
820
576
31
313
15
941
913
930
18
917
264
595
369
266
824
963
316
589
850
763
816
550
128
655
260
584
580
92
28
750
129
347
270
221
778
22
680
106
290
538
955
106
549
586
857
178
70
438
659
919
211
387
12
226
738
622
583
343
926
804
947
567
265
107
502
86
673
356
597
383
564
500
126
288
536
806
765
955
756
810
892
792
459
726
182
52
601
719
753
309
96
508
262
482
471
847
307
642
936
719
887
210
924
428
21
441
483
294
114
691
164
250
763
237
349
896
623
314
392
30
447
73
735
298
827
844
353
347
159
976
919
338
161
375
793
116
43
295
879
828
812
584
470
176
384
105
748
494
89
157
962
871
651
252
522
463
134
546
138
250
555
777
42
745
433
41
188
432
66
332
928
634
73
894
122
164
227
172
394
353
92
84
873
961
102
706
738
193
512
424
751
494
467
13
463
948
844
454
746
127
797
102
114
914
553
755
44
275
648
240
899
287
173
578
887
379
835
802
501
289
475
182
885
67
24
84
819
963
304
602
664
287
218
683
389
988
905
529
863
57
254
428
432
15
26
768
317
714
154
579
937
925
999
944
340
90
945
132
496
624
625
554
624
439
560
50
96
430
104
617
897
276
834
810
202
914
462
246
146
184
253
370
859
365
792
189
469
514
537
957
667
774
212
942
218
730
375
970
742
36
747
668
718
247
636
82
65
345
217
630
634
463
217
392
394
435
54
948
729
935
734
983
810
692
699
705
948
244
237
7
118
82
137
2
967
959
217
61
845
770
831
3
631
73
82
623
680
18
323
311
477
271
786
154
502
683
773
224
576
495
424
171
526
542
619
14
77
428
516
8
484
267
617
23
313
925
987
76
119
106
411
212
678
40
833
259
20
877
257
629
617
659
615
333
600
231
909
590
863
869
301
805
645
345
993
782
380
454
927
273
809
307
267
140
469
84
787
439
651
912
999
510
308
418
14
823
699
808
643
335
564
710
587
15
468
283
612
757
28
586
755
350
264
382
235
377
666
477
887
679
34
986
493
319
671
84
267
523
419
688
621
438
465
421
993
872
201
345
320
174
240
128
22
411
350
200
888
71
31
230
791
678
277
252
594
459
86
577
633
470
333
824
945
23
692
749
523
865
394
813
863
615
60
839
903
165
14
237
599
154
198
24
993
418
319
280
702
143
946
81
902
161
226
658
939
208
655
329
196
328
144
208
115
277
132
94
906
613
737
845
409
293
529
2
359
329
617
502
881
383
374
887
498
832
342
164
346
882
885
403
100
644
558
825
728
259
708
147
848
898
965
336
211
593
90
356
375
40
796
971
192
990
416
741
673
531
74
560
884
35
632
570
49
393
416
110
248
823
330
698
623
940
804
927
653
66
927
546
570
881
880
636
565
617
388
928
689
578
566
153
520
718
28
475
144
13
379
950
229
310
135
266
335
737
310
902
70
345
736
304
752
421
604
726
577
367
716
714
234
0
144
498
975
902
480
340
220
484
8
380
947
715
64
227
152
602
962
891
186
345
30
702
665
529
969
777
826
336
666
771
271
670
405
33
909
4
8
732
542
472
858
325
916
576
155
389
999
667
581
354
328
30
197
781
707
894
889
702
386
967
26
694
715
703
208
621
705
686
603
997
189
359
999
685
496
415
116
993
236
648
381
794
217
311
845
85
212
939
657
265
881
203
489
208
939
914
570
818
298
818
761
313
659
178
641
814
779
540
793
877
25
808
933
612
835
232
851
758
919
578
715
537
219
416
337
560
557
939
513
585
738
800
115
259
801
608
993
998
142
403
762
333
722
881
650
380
459
670
184
176
432
892
684
192
942
515
483
652
499
422
713
1
855
510
470
194
922
327
5
91
777
152
588
689
898
614
836
192
316
163
540
486
641
923
527
178
707
433
584
121
621
966
633
709
609
341
706
75
113
501
899
521
397
202
884
569
118
541
88
632
603
388
894
586
482
734
215
124
111
608
309
825
484
282
321
125
221
637
553
11
956
429
227
9
877
434
753
641
450
618
293
691
637
1000
448
153
469
501
543
884
472
825
972
729
581
987
763
466
722
235
28
879
381
365
595
912
740
926
158
135
817
619
742
976
143
212
584
993
372
668
831
35
727
131
909
253
30
714
10
312
179
551
429
216
316
443
11
191
584
916
920
556
758
383
501
411
109
16
469
23
711
211
514
831
71
421
558
444
10
661
250
274
389
674
835
293
932
935
340
864
51
887
445
460
101
147
91
873
672
387
129
892
924
176
761
601
305
423
37
191
44
768
326
281
596
522
586
196
109
481
803
178
868
55
998
477
649
567
837
419
202
643
17
256
924
142
372
428
593
202
211
520
456
992
518
253
381
164
998
264
999
822
866
191
231
919
618
38
336
298
844
383
486
956
810
828
564
919
113
222
847
778
117
736
784
253
445
970
320
852
388
175
441
481
356
843
19
673
344
116
756
125
795
607
707
716
694
553
588
668
988
93
690
739
587
274
856
779
2
834
909
618
63
549
82
375
630
884
930
640
55
75
562
847
164
951
183
183
309
113
589
719
989
627
278
84
551
877
722
878
838
688
399
267
684
375
201
531
458
328
462
146
661
338
909
703
296
560
560
369
840
119
364
486
328
251
833
677
225
169
951
828
608
686
953
109
32
15
466
991
777
268
354
732
918
506
333
941
158
841
81
494
813
826
206
610
585
865
766
392
302
780
3
324
462
460
181
461
558
591
397
445
85
318
899
9
827
670
919
498
224
462
667
892
76
713
762
476
186
377
865
455
406
553
101
66
213
870
722
55
659
20
167
359
812
352
343
582
798
743
733
547
535
516
561
332
345
131
404
520
590
119
203
971
179
408
947
969
703
6
161
788
265
591
4
758
780
284
307
666
80
695
766
249
60
596
181
839
434
480
671
228
778
437
545
391
90
424
455
571
313
214
182
438
214
922
252
414
658
532
167
158
799
251
662
323
116
101
629
820
579
262
768
979
856
571
106
433
83
211
622
434
84
651
929
106
833
177
536
318
694
28
605
172
141
399
626
645
325
525
494
623
925
625
705
165
247
567
459
107
574
363
282
721
876
338
506
318
297
159
980
223
261
995
683
816
751
484
871
5
132
137
8
929
535
389
713
784
430
570
935
852
909
944
859
520
488
112
139
792
25
390
241
539
129
142
257
698
839
361
402
404
631
670
576
827
895
826
732
942
1000
113
253
732
964
915
676
633
132
476
561
646
541
552
205
256
316
925
960
810
607
376
102
719
627
67
135
784
547
314
49
889
673
748
959
949
102
721
84
629
351
707
172
487
807
646
345
433
634
52
720
272
344
395
238
307
148
586
930
509
588
847
768
508
48
158
541
965
701
883
100
265
184
701
360
919
930
956
1
281
511
66
322
52
1000
150
738
409
822
809
227
648
419
92
453
797
849
422
413
151
567
299
639
162
454
395
689
473
635
184
59
576
256
841
457
535
419
687
536
501
455
481
685
479
144
33
746
911
683
458
871
419
889
952
530
240
575
933
62
729
4
782
993
827
155
255
190
448
300
413
926
84
626
869
38
943
643
270
608
744
129
958
998
893
775
197
867
747
157
742
584
521
288
551
310
163
976
294
578
975
496
256
608
207
1
156
575
446
474
24
682
756
920
842
440
868
128
455
100
107
744
135
850
313
339
208
768
621
807
81
793
156
497
77
929
840
883
54
494
294
831
752
212
209
813
452
846
421
938
725
349
92
787
380
940
273
515
313
91
280
229
975
839
956
64
128
678
716
564
356
532
912
130
155
496
990
932
660
773
804
291
311
537
992
885
709
987
261
342
282
689
575
243
774
303
277
561
180
741
910
476
17
210
489
442
612
251
771
837
757
539
885
40
562
433
920
480
206
801
153
73
203
4
980
858
634
441
78
737
926
877
104
410
634
692
758
109
468
285
143
143
509
8
535
710
145
571
665
668
389
69
527
73
38
645
933
516
403
579
438
478
847
195
274
525
694
735
749
694
878
513
415
636
251
956
899
866
247
501
533
724
387
384
230
305
406
1000
305
744
938
1000
565
704
985
245
245
278
840
615
943
153
206
447
121
432
728
243
672
516
12
902
556
321
993
442
38
519
336
997
736
706
55
345
546
962
58
941
67
405
20
38
80
26
401
39
529
471
608
759
266
267
76
65
0
306
640
506
601
287
52
60
960
613
36
793
972
163
35
376
826
178
123
222
27
781
486
792
676
521
712
974
836
995
892
140
930
896
822
623
498
731
255
237
978
686
493
121
134
9
108
386
25
954
980
771
146
414
602
468
192
909
288
383
495
22
204
986
739
770
991
992
35
248
263
485
514
861
795
707
228
533
605
602
653
443
739
715
502
606
90
595
88
196
293
755
177
409
719
0
129
457
32
780
721
496
765
662
834
264
837
530
377
190
694
497
132
824
776
247
153
252
363
740
974
569
170
145
147
869
313
482
399
508
417
125
60
605
412
259
240
188
867
956
551
24
234
4
912
506
97
392
965
187
799
198
154
882
180
994
984
901
302
193
383
564
365
250
603
861
465
36
834
126
315
228
11
939
783
325
553
987
15
247
402
191
526
780
77
940
256
438
65
917
625
631
988
706
931
349
159
931
486
470
980
461
774
925
555
201
594
160
844
767
880
883
88
101
638
399
135
484
238
972
187
320
138
91
939
642
499
852
345
788
928
899
746
901
150
433
614
77
417
473
113
12
801
282
455
565
69
212
576
177
531
764
398
972
139
708
684
282
902
648
92
488
992
503
732
79
856
474
504
62
829
650
973
804
812
454
308
89
994
847
379
632
503
229
920
687
112
306
681
192
684
32
538
81
673
31
966
861
414
747
866
50
288
65
973
931
976
651
672
736
324
973
387
900
427
888
390
427
620
865
900
979
945
611
251
927
971
634
353
91
286
998
119
381
41
738
892
353
338
875
678
729
922
419
227
598
383
219
67
81
888
175
642
590
151
916
314
53
266
435
399
525
309
118
55
344
681
579
306
710
603
943
261
683
431
518
633
13
168
662
968
279
395
50
153
414
218
760
340
517
304
833
562
681
814
262
455
729
84
271
568
620
186
880
791
322
461
763
527
224
24
343
104
266
502
756
504
268
740
302
660
419
9
420
66
443
661
701
784
535
811
988
90
755
836
948
571
481
181
217
394
527
993
865
215
89
966
38
466
279
176
581
253
743
862
740
988
421
426
291
538
69
850
299
975
499
421
213
504
121
958
295
67
669
850
137
735
490
352
331
21
383
517
977
48
279
76
78
536
218
621
936
857
708
159
403
583
705
118
656
452
525
608
478
334
485
731
264
765
924
643
896
992
1000
129
514
781
837
743
233
727
544
471
424
984
68
656
704
53
759
992
120
237
523
988
689
981
645
957
245
95
36
521
108
647
265
364
217
63
507
418
627
442
974
857
368
277
497
989
152
649
38
838
223
439
401
151
505
883
816
730
35
862
569
431
411
683
194
779
369
919
718
898
864
156
515
412
79
942
669
778
993
677
275
749
809
984
95
477
212
162
296
112
907
646
852
81
702
191
545
203
186
156
305
34
732
948
468
645
191
140
125
726
681
417
947
458
818
751
272
534
283
872
105
741
337
129
102
600
955
985
288
752
315
706
424
59
406
297
291
152
753
69
902
927
981
176
829
548
399
322
752
660
759
647
404
295
521
864
882
67
967
724
361
945
37
257
440
30
844
361
872
84
97
807
858
66
666
522
604
148
574
452
403
400
971
897
799
414
571
254
471
115
491
569
499
768
239
988
86
262
100
42
680
363
586
892
657
854
498
224
515
194
6
867
161
352
337
228
746
35
213
330
909
313
933
423
553
605
516
576
722
447
611
350
858
323
527
63
596
428
697
825
863
815
884
658
558
411
311
844
602
489
963
648
741
787
717
5
799
80
666
128
635
649
837
620
743
451
814
188
544
990
829
965
278
404
442
830
500
560
631
64
674
93
337
292
851
978
920
449
240
814
163
855
291
397
641
521
289
98
160
139
108
311
211
166
464
867
293
55
114
192
529
926
45
483
312
233
888
489
701
338
296
722
496
730
558
59
381
100
213
286
267
566
204
759
103
856
622
461
377
221
662
716
400
608
802
823
679
497
50
967
478
474
651
995
881
962
642
998
825
171
919
354
529
482
130
735
363
935
503
940
115
218
877
423
109
652
558
575
722
151
910
1
690
838
849
538
203
137
38
836
982
734
611
893
528
678
880
210
9
382
189
662
627
504
714
680
273
454
72
15
418
767
545
777
389
283
508
585
772
898
977
509
228
860
0
386
573
233
2
85
466
79
578
38
967
272
6
659
586
184
711
1
475
445
801
491
673
825
293
149
613
564
525
590
883
572
795
724
543
51
182
351
58
971
536
703
168
48
772
842
181
596
803
849
187
475
556
660
170
73
735
485
477
467
284
566
503
108
996
542
123
666
371
456
514
403
323
649
463
423
28
529
273
47
746
239
246
457
532
858
815
41
855
119
849
742
291
209
673
348
12
776
413
909
928
612
250
233
637
581
790
537
513
9
75
255
619
447
47
605
79
472
807
286
33
613
697
238
365
573
702
736
198
961
360
173
622
792
227
448
48
960
55
447
335
799
176
376
8
845
471
429
9
667
531
102
622
509
430
700
801
302
370
276
839
120
803
371
767
757
727
579
616
419
730
330
328
549
661
506
41
217
807
49
693
933
656
777
774
205
422
593
859
71
28
978
806
351
978
494
117
767
304
118
203
212
137
92
1
545
779
295
596
800
604
711
757
190
61
275
622
285
3
590
429
929
84
630
158
607
190
594
806
542
202
332
547
761
468
140
870
921
279
639
949
48
669
300
839
719
403
838
955
783
177
114
698
946
762
910
549
974
867
760
563
723
550
258
351
72
191
364
550
938
768
854
358
864
811
578
83
983
861
483
989
276
511
17
435
451
394
914
328
392
202
376
908
322
607
414
958
415
865
441
12
787
83
982
406
92
426
86
871
309
560
28
179
718
265
553
37
598
505
842
600
15
984
823
677
988
789
415
994
947
27
460
973
697
569
87
556
99
177
234
895
566
852
304
374
7
821
792
139
384
842
58
421
763
128
656
199
213
491
147
333
561
359
782
830
103
48
553
480
147
443
800
550
710
302
520
645
804
522
816
960
639
849
427
144
723
436
193
384
527
105
987
604
898
140
576
685
12
469
767
288
588
874
636
410
526
313
341
274
96
145
103
797
108
286
885
45
862
292
825
5
496
981
926
219
507
75
478
537
787
634
904
261
645
933
342
926
129
171
601
418
619
308
291
701
442
153
311
661
768
955
212
863
300
185
98
191
895
336
978
654
114
888
353
196
453
224
986
48
786
151
215
108
944
957
752
532
21
651
681
810
506
735
228
378
180
612
360
400
484
740
217
437
301
369
964
116
592
534
774
833
389
397
131
18
341
538
788
848
334
184
585
746
439
992
63
970
954
761
883
142
767
516
678
171
534
421
380
100
110
22
168
884
49
25
721
11
863
632
820
575
242
235
484
502
47
748
530
434
280
405
801
22
534
176
160
913
755
813
817
780
186
503
437
99
473
405
558
470
173
400
434
646
27
597
888
480
417
262
608
837
812
111
824
30
328
901
440
100
304
734
140
910
849
531
706
386
896
275
998
244
812
86
263
641
467
157
379
936
24
723
343
111
512
96
496
659
457
150
214
717
711
727
860
841
822
38
863
211
408
75
845
536
761
996
625
468
333
533
642
217
446
911
234
210
461
204
941
562
905
670
915
485
760
361
873
933
376
436
777
777
4
362
791
774
709
905
183
580
409
570
690
426
911
249
186
774
641
91
619
517
346
524
630
981
81
864
754
70
317
953
698
947
594
398
207
854
557
437
502
907
585
890
997
354
889
494
481
561
560
312
495
780
503
746
686
222
941
173
597
916
327
272
341
487
269
173
873
516
660
432
542
421
107
34
427
635
916
518
377
829
892
526
686
528
50
221
739
102
195
494
264
590
332
938
889
651
713
429
737
43
256
0
643
161
712
358
381
175
60
627
613
595
611
242
684
396
761
638
359
557
562
230
542
220
139
462
898
847
200
681
0
667
311
328
812
444
956
427
738
144
98
277
191
478
82
511
740
431
15
226
88
747
594
121
115
93
839
630
770
578
497
403
151
514
971
344
865
204
345
117
17
572
869
941
145
673
758
695
195
938
888
867
272
343
791
240
161
446
158
196
623
625
505
523
443
58
993
7
615
658
733
101
169
353
649
46
582
498
710
291
90
506
152
376
580
676
820
109
364
425
859
488
529
741
194
593
588
391
230
408
25
932
567
28
313
709
423
413
174
30
547
263
164
720
902
356
549
555
908
515
504
939
481
686
268
212
374
569
989
680
734
713
427
163
975
495
805
837
90
454
283
679
967
190
289
643
716
349
346
387
800
824
765
513
340
879
938
136
547
48
624
183
206
461
760
890
570
415
129
355
693
601
771
8
394
714
753
915
92
80
306
365
122
908
603
590
859
80
824
17
720
708
339
302
881
435
675
203
298
443
417
562
226
868
65
977
73
363
153
867
893
264
813
740
294
927
102
269
927
654
398
674
108
455
976
111
995
949
702
8
538
459
978
674
893
665
641
123
629
579
582
448
538
689
283
491
35
696
844
565
496
245
921
274
150
389
40
644
66
909
422
243
186
697
841
299
377
95
178
522
967
713
11
793
53
355
817
953
787
166
396
82
550
862
819
566
273
539
879
725
906
234
327
731
691
672
339
572
104
799
371
861
397
215
932
464
518
116
172
736
252
18
818
220
18
241
82
286
760
958
262
536
388
55
588
179
169
54
82
106
695
253
559
219
823
197
593
790
493
943
348
57
606
945
935
671
439
44
285
630
458
180
978
207
92
428
956
431
177
588
579
564
78
578
26
828
865
318
436
215
172
282
925
385
263
900
439
82
919
14
234
251
499
99
774
645
645
736
520
283
376
565
979
881
607
341
283
968
593
530
630
170
328
333
266
153
826
602
228
23
91
834
740
15
751
499
373
757
924
61
487
759
873
973
418
845
203
460
112
83
24
902
143
53
268
780
721
112
328
31
335
711
886
665
364
216
307
453
395
606
623
520
568
962
651
240
505
900
789
442
724
392
972
22
700
666
870
929
819
369
321
135
256
364
976
834
237
750
480
635
248
212
887
477
23
70
565
738
13
490
1000
829
96
1000
537
570
188
83
521
940
956
927
313
590
852
885
954
539
521
240
979
692
164
627
173
510
826
693
59
344
467
388
15
541
221
125
135
408
478
27
97
588
275
5
435
781
358
523
660
626
723
947
923
289
814
566
992
357
875
855
6
851
547
637
442
353
798
989
758
516
507
832
398
170
536
688
209
338
857
74
203
644
95
293
969
348
526
542
843
450
201
37
337
313
295
415
119
685
521
665
881
724
273
602
315
601
995
443
19
291
656
109
538
26
705
150
68
520
195
39
774
935
738
466
25
284
434
79
785
423
993
726
564
687
6
823
438
905
303
785
550
979
796
965
629
493
908
738
89
202
790
558
123
367
413
799
252
11
386
343
534
996
437
285
346
362
749
718
832
258
736
534
485
744
792
420
478
719
993
547
3
920
54
357
770
872
680
270
651
587
949
902
844
192
349
434
32
974
961
66
3
841
388
436
883
866
284
315
338
913
726
391
701
743
542
374
681
373
800
12
869
203
59
524
264
877
262
484
861
580
703
737
83
340
785
603
50
510
137
269
552
173
942
959
890
895
185
812
155
816
721
915
960
753
848
584
340
977
306
181
938
380
56
881
11
282
282
381
119
327
919
12
609
472
274
717
442
326
24
971
47
570
270
661
627
147
576
796
335
711
483
606
679
531
851
471
930
279
832
369
522
82
595
888
620
828
58
213
4
278
353
383
914
87
589
206
518
896
282
563
216
60
992
367
511
132
780
597
334
703
258
843
763
845
356
416
526
161
691
449
330
946
891
772
473
539
163
547
647
445
215
986
487
380
730
471
534
870
584
322
84
832
785
863
566
298
673
895
916
38
775
157
704
683
390
31
163
6
571
554
74
27
451
170
903
262
340
104
456
393
103
264
443
651
417
699
510
640
683
130
195
781
628
214
237
883
717
79
699
736
579
164
443
763
789
124
23
806
946
34
512
151
806
822
875
941
562
399
677
765
548
697
83
883
564
908
214
563
207
397
28
626
170
143
673
617
165
775
435
23
433
375
900
405
531
118
861
688
372
866
788
13
726
986
328
222
405
691
331
686
602
103
570
985
479
636
301
815
201
733
105
335
371
992
224
292
428
86
347
93
1000
911
168
254
953
891
466
769
969
81
954
444
346
466
627
106
291
824
349
248
201
870
778
897
515
205
545
137
944
220
367
161
497
186
578
879
22
954
367
159
186
309
9
305
293
879
423
562
595
66
783
699
953
580
645
8
777
500
821
627
704
620
689
224
857
446
58
832
731
591
688
112
10
111
403
984
720
652
459
747
976
181
633
352
664
535
663
342
231
408
18
916
776
727
558
527
185
965
927
397
827
598
9
453
948
846
935
834
949
943
137
859
316
733
283
112
777
29
380
494
746
465
226
601
911
611
974
308
310
271
514
427
295
69
981
920
468
529
604
16
513
484
166
187
299
212
562
451
17
217
26
482
224
765
936
255
295
719
767
971
729
151
492
376
73
452
759
207
575
302
786
33
753
800
304
260
516
67
425
78
264
685
374
381
866
14
790
96
62
93
200
1
127
78
692
827
326
906
698
240
342
890
549
532
765
998
691
773
188
33
476
325
203
870
501
355
334
446
6
328
698
60
73
770
642
180
672
494
752
416
945
747
359
402
368
173
182
800
501
235
185
908
575
615
429
714
749
756
207
53
719
282
628
921
868
458
74
958
763
123
288
127
632
342
436
93
593
400
99
233
462
322
617
465
828
111
593
973
481
943
742
80
806
131
687
824
920
226
760
869
13
764
27
663
346
32
515
706
69
414
400
688
188
280
939
720
563
52
748
722
999
92
357
837
69
591
108
879
80
488
793
394
446
821
510
492
905
145
58
397
993
824
926
651
774
609
477
862
857
474
495
853
85
440
278
601
722
76
237
165
242
788
717
631
886
255
353
446
30
568
376
461
682
454
201
144
432
233
889
713
522
691
389
111
878
34
341
594
819
289
592
133
675
835
191
682
957
893
809
349
925
548
631
319
475
979
680
127
136
86
151
78
355
200
293
789
76
24
812
965
888
952
791
438
576
281
588
738
333
616
316
571
538
489
345
302
46
28
240
856
405
305
474
414
795
768
612
79
217
87
713
330
846
850
863
813
871
401
15
554
179
53
978
638
64
283
50
294
383
331
258
113
426
185
881
44
943
358
801
416
452
815
430
596
790
10
425
664
738
337
50
187
503
871
139
101
705
679
155
302
548
845
354
458
118
176
178
61
76
287
758
279
564
444
797
539
793
794
359
341
395
17
238
510
377
495
955
355
1000
67
987
173
631
911
234
965
457
153
993
592
204
936
609
849
502
14
611
285
465
926
637
375
25
142
529
312
255
67
148
631
440
794
1
707
93
300
573
529
737
444
721
772
477
42
207
319
38
662
994
46
514
109
428
403
784
74
538
323
924
833
559
545
291
897
841
841
459
909
383
623
841
367
430
748
189
42
620
618
412
836
51
31
7
870
493
394
666
53
11
244
5
554
377
734
664
432
625
940
63
70
1
33
847
310
829
982
791
805
352
621
247
719
763
195
608
238
721
142
512
62
776
808
955
257
527
507
336
533
909
325
983
82
149
239
43
607
892
99
533
233
553
73
649
125
504
654
824
616
588
135
631
453
379
215
181
723
297
282
670
426
152
872
439
850
914
296
96
442
730
27
109
802
770
148
13
912
222
742
997
886
984
642
470
547
39
294
250
58
607
924
373
82
622
566
514
791
950
431
24
61
346
563
244
431
720
922
896
163
366
180
415
901
657
198
943
572
362
355
12
372
249
162
151
377
402
405
526
728
105
564
611
722
249
414
587
658
93
40
862
477
441
417
706
576
530
84
438
156
89
640
357
873
769
374
3
506
33
678
426
873
303
902
513
392
517
757
637
887
992
382
456
157
532
820
478
554
783
284
52
987
736
387
872
535
819
436
859
678
481
915
362
850
591
793
573
194
957
573
771
78
286
409
39
368
299
648
939
140
807
395
564
519
183
460
527
748
708
132
118
808
983
389
750
935
701
141
304
825
364
908
835
578
130
682
30
93
705
515
981
285
626
334
366
101
754
185
284
205
594
584
612
124
880
376
961
942
935
408
637
203
870
638
162
156
747
885
612
305
989
357
740
485
269
392
500
522
158
425
288
72
733
999
342
47
621
475
178
513
766
33
811
275
575
479
860
450
510
349
492
87
384
32
483
892
980
961
210
407
198
339
581
534
647
864
212
321
337
371
270
577
261
827
894
723
870
170
813
219
228
900
825
183
319
356
445
678
715
424
999
982
252
654
876
730
785
143
206
759
557
162
477
677
925
838
437
642
338
70
379
523
626
401
29
294
23
125
77
709
215
143
779
538
645
657
363
518
87
439
328
480
935
228
643
204
989
287
463
303
747
424
102
467
92
6
455
314
529
850
702
877
293
449
259
297
719
197
63
20
520
614
412
936
669
969
260
726
680
165
96
901
495
670
963
976
960
487
349
600
504
146
857
845
826
141
629
984
695
790
527
388
519
74
946
288
366
259
15
553
621
282
225
61
709
922
758
374
568
837
164
416
471
378
84
206
977
786
765
342
517
484
84
7
740
548
310
346
564
327
224
68
39
128
462
163
303
642
956
164
117
42
719
977
856
809
537
515
382
429
934
297
878
723
753
730
928
298
4
925
783
646
487
434
184
346
37
10
658
665
329
633
465
612
102
158
549
586
520
694
153
537
696
86
918
842
302
186
800
268
651
608
164
614
510
99
680
701
508
5
415
496
338
647
258
39
214
882
720
268
62
490
974
856
66
407
388
585
886
923
754
249
665
565
196
558
93
909
396
890
911
167
920
939
385
501
158
568
482
593
804
412
992
96
148
978
823
851
751
457
874
720
284
960
777
526
5
278
85
691
810
822
7
75
342
272
316
266
35
146
695
512
23
816
996
365
660
917
842
43
535
564
261
639
392
490
9
117
728
251
615
562
352
169
251
321
6
251
671
581
36
820
101
981
321
509
329
359
501
363
555
707
689
364
146
419
588
708
359
591
712
259
28
672
122
954
9
739
374
762
704
113
764
368
283
955
675
836
286
966
791
23
741
500
523
781
383
152
858
77
667
192
464
162
44
257
421
581
369
946
604
67
728
393
668
816
892
646
291
774
453
902
32
789
391
399
188
362
223
486
259
687
220
894
444
394
540
164
831
281
52
35
816
36
784
787
411
739
149
67
601
75
534
829
360
386
258
44
900
48
861
741
347
802
804
46
370
683
901
964
23
492
384
256
977
697
971
152
49
943
244
815
76
301
250
311
718
311
280
358
334
321
878
342
472
983
126
567
778
601
64
972
73
203
502
248
270
590
373
49
185
845
824
984
799
41
298
253
725
525
86
235
890
224
450
356
358
496
734
499
871
269
313
644
941
593
648
200
578
416
189
567
756
893
517
924
660
887
61
347
673
604
97
359
619
824
847
909
377
725
84
586
873
127
718
773
654
756
224
152
424
201
517
316
328
438
796
599
806
335
736
77
772
968
333
634
585
814
543
551
139
290
709
495
978
73
250
651
559
767
213
988
968
423
270
510
388
762
412
896
220
30
62
162
61
165
859
606
381
102
880
401
191
833
373
865
874
366
227
608
965
326
768
93
893
412
811
268
956
784
281
7
657
124
962
762
305
418
987
271
978
247
135
396
635
597
879
527
702
800
778
736
796
566
216
231
738
239
204
326
454
739
251
6
197
718
479
596
578
224
471
11
706
347
941
371
480
34
427
629
779
434
553
315
352
235
400
598
552
778
912
289
532
178
798
300
509
358
838
481
526
309
150
615
357
616
942
176
925
995
711
952
997
982
741
553
836
672
771
918
680
75
546
687
156
221
807
86
332
937
440
467
944
926
581
601
691
772
325
382
366
547
617
603
144
784
933
567
43
345
660
286
999
55
516
864
748
12
44
307
164
827
925
991
629
219
494
851
242
633
560
990
360
615
63
368
41
513
345
851
32
915
662
616
449
223
617
295
956
575
696
681
282
137
55
331
542
270
245
680
325
749
594
518
804
910
318
491
513
402
625
891
481
234
6
671
915
700
996
977
473
194
594
472
414
335
48
395
761
82
580
126
861
880
170
383
180
617
836
225
483
41
1
667
200
268
15
519
380
81
758
702
128
3
541
776
461
636
221
477
666
430
864
912
908
309
721
215
38
750
311
210
753
900
870
795
423
87
810
586
278
974
916
464
34
208
588
344
358
281
282
666
324
760
408
587
60
490
753
437
827
986
137
655
125
175
451
574
644
553
192
399
243
278
364
25
162
728
596
241
238
622
230
608
743
769
462
193
474
723
93
169
71
180
404
514
374
382
837
829
38
619
298
384
404
479
836
481
622
432
716
177
779
334
981
294
352
245
21
544
380
998
179
241
31
177
418
758
80
289
588
692
177
922
69
126
184
186
452
138
478
306
784
636
991
111
439
741
201
728
518
440
803
677
844
416
681
423
526
580
450
410
367
165
672
284
364
86
716
122
521
924
370
205
777
913
762
265
829
975
682
443
484
780
72
455
395
279
251
436
563
174
772
796
97
161
368
156
352
813
433
117
519
524
513
736
402
711
885
134
791
98
203
415
401
641
134
150
897
319
730
451
920
94
396
594
956
294
966
489
543
261
991
218
54
622
74
626
598
202
759
731
148
638
258
340
643
386
950
591
151
883
85
765
800
591
335
686
454
479
958
428
855
671
183
839
858
910
157
697
600
588
201
393
597
370
492
949
705
283
194
609
933
668
132
225
612
492
63
174
822
750
365
280
267
319
613
241
963
64
717
879
243
142
203
51
530
176
783
346
50
548
728
901
220
190
396
490
443
26
998
290
543
13
901
720
792
377
896
302
158
590
62
718
224
539
300
948
203
376
813
553
309
227
149
914
165
730
706
774
287
1
66
471
4
47
978
103
100
358
739
694
257
9
764
532
347
237
753
390
153
881
286
370
667
655
841
40
824
887
325
941
674
6
474
575
189
265
768
730
109
302
798
836
873
134
890
50
57
490
672
482
398
339
686
680
232
632
906
2
892
290
5
410
440
304
552
783
465
43
905
590
980
388
261
59
552
300
404
509
974
41
917
79
111
168
57
746
53
298
697
275
49
150
392
872
119
88
663
63
29
741
119
775
308
577
207
447
960
886
433
413
495
959
659
234
224
744
665
156
371
268
637
254
759
658
737
153
310
723
229
161
863
447
174
968
449
701
414
373
121
356
170
321
878
638
765
777
117
656
468
321
238
76
606
322
380
403
243
51
425
713
750
355
205
929
173
584
152
109
663
389
596
590
212
364
108
5
22
375
195
857
811
815
93
521
916
209
637
690
913
854
281
351
327
627
811
470
791
210
713
358
376
194
430
984
46
375
133
549
640
264
717
872
23
212
570
328
800
81
398
182
498
532
797
523
635
836
495
86
438
936
255
15
590
612
818
862
55
915
556
110
552
882
579
723
146
577
381
742
346
348
641
286
175
827
700
515
737
444
560
707
766
647
117
462
908
556
335
611
249
5
740
575
345
133
558
575
722
227
849
367
514
356
660
557
977
555
584
945
280
169
752
821
574
44
849
297
669
691
980
588
604
540
300
474
674
580
861
156
159
522
194
925
26
704
892
39
30
973
304
742
119
14
296
722
718
812
787
981
499
448
434
547
318
112
147
17
13
523
485
891
203
533
403
524
992
689
178
603
46
349
854
886
512
593
589
721
565
82
71
764
969
575
582
165
842
302
51
433
490
596
347
374
448
168
575
418
699
675
635
654
156
692
566
950
167
857
173
420
701
628
52
820
550
222
121
181
698
198
278
131
666
737
114
581
740
673
199
581
592
940
453
141
70
877
104
155
379
584
829
80
752
522
847
614
635
651
903
552
992
934
886
871
191
580
989
665
370
120
369
513
152
779
812
781
543
358
595
472
318
802
488
183
961
838
416
330
927
135
591
798
58
570
272
515
528
943
276
944
589
329
704
567
343
643
49
737
199
187
554
796
533
702
997
558
479
362
692
466
939
312
617
411
519
375
908
617
203
558
308
69
592
104
908
25
396
320
441
685
439
588
343
83
903
817
6
384
84
277
653
612
514
757
647
750
322
683
677
470
802
92
529
627
331
483
144
118
595
487
903
110
535
131
940
824
285
954
699
521
832
238
649
672
714
226
775
751
782
363
408
210
555
525
803
393
36
555
802
692
261
684
235
352
35
364
927
778
405
69
537
538
949
386
777
343
56
372
476
606
378
812
915
784
348
329
955
13
351
417
772
36
287
862
260
630
359
726
13
757
718
827
888
593
499
378
310
190
218
595
915
696
487
90
400
720
743
813
823
382
813
245
150
180
695
41
594
511
741
486
933
614
223
656
260
133
884
551
119
401
283
655
284
622
122
219
579
169
986
121
684
468
23
38
339
381
158
930
949
423
641
731
477
843
167
154
617
547
321
736
335
920
224
377
352
46
488
726
391
231
444
551
241
545
133
929
749
93
667
839
87
455
446
720
149
886
487
524
113
18
926
744
959
790
207
466
605
426
757
585
620
721
102
869
640
501
275
20
471
849
12
732
187
805
319
949
781
870
133
641
721
472
225
118
975
454
118
882
465
812
339
908
502
959
69
93
714
728
186
737
432
334
509
111
250
570
57
864
456
46
266
725
230
58
256
391
796
681
716
874
618
819
436
902
38
862
300
816
50
637
684
797
744
556
874
868
630
658
920
590
952
791
674
440
9
275
40
375
322
976
455
818
170
514
403
812
493
310
535
766
150
54
778
139
271
256
561
388
358
368
329
161
397
166
37
706
371
36
743
161
194
498
513
875
243
245
113
138
433
213
889
430
311
119
812
619
973
924
742
120
660
889
396
528
382
976
844
778
697
27
711
109
60
128
808
567
899
176
489
925
803
812
486
553
672
571
566
944
930
18
687
323
105
63
970
930
360
727
408
613
567
906
444
372
684
871
651
679
608
72
438
26
753
259
774
770
671
249
574
479
551
434
434
92
320
953
327
431
892
1
593
810
411
92
315
634
816
878
691
134
679
67
952
711
614
595
686
96
350
189
836
275
219
137
856
148
418
382
197
331
550
15
203
193
330
531
518
682
94
607
267
195
434
747
117
179
941
247
821
886
678
130
186
823
479
239
574
546
133
41
53
636
855
383
396
706
489
595
23
650
959
910
873
754
774
632
911
241
104
329
245
373
728
51
387
264
575
494
143
250
316
707
689
477
228
303
553
715
454
293
959
491
107
166
181
721
596
419
733
296
837
313
68
745
527
398
461
238
9
186
670
813
648
592
311
825
964
550
88
170
509
970
579
862
483
775
307
336
828
218
24
344
64
28
734
756
615
818
764
302
411
470
904
493
899
825
62
345
763
668
888
624
811
781
52
141
634
352
152
136
270
447
393
209
83
865
942
994
941
571
452
771
758
419
142
496
352
951
76
178
476
286
713
547
836
179
136
138
524
310
518
176
611
920
533
216
840
162
478
764
653
820
905
259
758
981
600
863
844
812
975
658
292
93
123
895
710
884
274
139
346
23
106
754
338
397
693
947
187
666
881
404
336
808
71
450
470
443
246
930
329
630
419
505
86
429
778
756
21
437
4
862
497
911
712
196
270
136
844
475
685
982
107
792
825
868
265
731
988
248
441
595
500
661
110
74
76
664
876
791
263
896
8
251
846
332
941
671
235
965
586
851
333
965
867
838
537
689
545
830
972
599
102
916
737
201
673
729
169
99
33
236
714
409
537
910
384
911
937
610
604
685
807
988
476
327
677
482
740
970
279
653
321
362
893
465
29
646
218
928
234
123
952
956
316
966
619
589
483
106
8
766
115
2
795
270
938
486
624
753
232
523
573
669
113
808
567
2
949
560
970
866
372
422
699
482
221
988
618
970
862
863
553
733
46
663
789
482
881
54
470
415
444
710
437
995
11
703
500
982
707
406
751
329
304
173
736
940
853
466
950
218
925
95
881
956
136
587
673
942
778
352
333
410
562
872
721
119
960
586
514
749
145
383
512
344
720
287
475
162
64
33
424
441
986
231
785
207
659
91
474
91
336
570
364
643
432
13
805
274
332
112
758
27
743
830
826
197
738
644
384
988
803
67
669
90
117
645
592
213
295
129
499
10
476
734
212
95
264
412
744
993
420
99
670
812
680
784
74
205
747
995
773
295
431
886
317
96
333
814
266
717
986
585
644
772
9
602
44
732
212
304
884
457
256
707
997
325
800
812
112
719
112
797
946
502
918
248
183
809
522
232
535
759
582
458
896
602
453
674
808
211
554
650
199
487
157
876
582
841
402
419
44
783
58
717
907
895
630
121
668
383
142
45
779
58
948
166
822
84
431
276
287
800
251
930
614
162
924
824
631
75
798
133
824
629
825
503
727
921
953
253
188
154
969
732
450
688
236
15
222
650
448
496
860
515
160
97
106
499
695
686
936
441
263
467
665
503
250
379
991
21
895
128
481
864
832
406
135
522
984
452
303
652
473
802
168
525
66
88
119
987
800
883
53
93
832
185
926
855
595
37
131
366
330
131
527
545
161
214
448
978
917
96
350
12
387
128
106
551
952
387
833
104
288
120
992
516
131
849
231
91
742
126
593
357
54
318
305
884
629
115
780
96
621
564
56
563
949
805
642
850
889
532
357
487
664
697
855
201
526
259
595
997
774
853
965
72
749
568
559
97
585
912
594
309
256
594
262
217
416
942
85
732
638
442
207
278
270
628
894
632
469
845
