309
-772
-949
518
-437
-499
-543
-715
508
-791
385
516
827
116
-822
209
-136
-935
-939
-809
-553
-524
34
232
-946
149
-593
466
330
436
116
-141
-549
-81
206
-431
657
780
-987
554
650
-674
429
-135
-304
-431
-682
-560
960
563
-311
-791
-811
-222
-802
-265
735
-296
236
-459
652
-912
494
-60
98
-745
992
888
-225
-839
130
-400
698
287
266
813
764
-260
182
-607
442
-858
-907
354
-534
583
-408
-837
751
-524
774
-794
-222
-431
-72
301
708
-253
-667
-242
-273
-571
372
-454
437
918
399
327
-854
247
300
-650
93
493
-499
-666
-54
-223
-448
895
310
409
140
-551
402
-336
726
573
589
-886
-531
683
-935
648
-354
-179
-452
-865
-568
870
931
161
794
470
-356
-565
342
22
-190
811
872
316
-61
-708
-458
-715
-495
525
149
103
-462
529
197
-123
838
195
-183
-259
-551
-717
43
10
-814
547
-904
763
-776
-687
285
-673
622
393
-136
221
-870
-212
-219
220
-42
83
-486
988
133
762
930
-977
393
476
-766
396
812
99
537
-454
574
312
-304
-772
-399
-110
-677
-71
-994
953
478
793
473
-461
990
25
560
-635
39
869
-783
782
280
-389
723
308
39
247
-593
-687
-235
561
-670
104
952
594
889
86
881
-999
226
-337
0
-961
-771
902
-257
799
703
652
-371
-510
-882
-507
798
161
939
-839
-825
498
-5
671
-859
557
90
568
-743
-738
351
-27
939
125
-662
-458
80
786
242
-134
975
-567
902
104
546
494
412
-589
460
-362
-183
375
330
-236
-103
842
59
-76
-753
-493
-540
-869
-308
-957
204
134
-529
205
-549
-986
-855
449
292
-880
-532
-862
854
-936
760
-324
-855
52
-513
-430
370
-6
-562
104
-730
481
915
807
169
180
-32
-503
606
-32
653
-167
-611
-807
-802
349
-118
-275
-133
-159
-44
769
493
-890
379
338
323
-799
-876
-176
491
-306
639
764
-777
-491
-608
-611
98
-82
-713
-136
-625
-430
-53
-489
790
890
-846
-93
654
764
753
127
-800
-897
335
107
712
-970
984
-809
897
543
738
-516
-660
-168
-6
-15
-563
770
-179
848
-880
-663
-224
-996
-201
-457
897
605
607
-69
-416
-134
426
960
496
604
138
355
471
-4
-683
-612
-393
-555
983
-881
186
506
110
-876
531
-358
-883
-898
196
-24
29
882
746
87
-678
-884
967
40
-836
743
-620
-860
218
-861
382
765
-519
-174
-755
928
823
166
-496
185
217
-919
268
-833
-142
346
195
157
70
-353
914
-466
-582
371
466
-357
-512
-457
-190
-732
375
321
-386
-64
-353
902
539
916
-852
-981
-62
272
153
-796
-850
101
-564
36
-457
-729
911
-286
804
-860
800
-500
-244
-417
-677
-103
707
112
440
-381
252
652
339
83
-984
367
673
135
-387
908
358
-788
922
798
-725
-459
-764
822
-781
520
133
-682
-443
-423
238
-569
469
-298
-584
407
298
746
-460
35
0
-486
854
859
732
-896
-811
299
-133
698
-434
-910
-993
-317
579
-733
304
-464
-670
518
-96
129
445
-125
148
-981
-771
-846
935
808
415
851
-695
117
-927
709
-244
192
131
-697
-120
-739
-915
-369
-254
841
910
630
991
762
-919
840
-268
-570
396
-489
365
-790
-276
597
146
810
791
-168
994
271
534
-684
895
904
-516
770
-668
999
638
660
-638
805
-156
-950
-633
508
893
-320
602
906
-157
642
371
769
505
660
-492
-454
-674
612
436
-779
-217
786
-921
758
-37
-545
-592
672
880
-58
-284
-375
680
628
784
-534
-544
-952
351
-605
-184
-328
-430
770
-858
980
583
-429
-281
313
43
-182
391
727
98
-322
923
-944
-764
796
987
-466
-635
189
971
-457
-922
-778
221
-111
-293
492
610
-358
-107
241
47
-764
-212
842
180
-611
-479
-910
451
-107
-997
64
895
651
102
406
473
925
519
509
373
-597
-255
-117
-857
943
360
885
-324
276
-358
358
736
-745
474
843
-385
38
-367
365
-164
-332
-176
427
-395
135
-740
-608
-139
361
925
-224
387
532
848
-644
260
165
-384
-169
122
707
-1000
-378
-413
-570
-120
609
187
242
340
-341
-48
-96
-95
383
-563
46
-31
625
845
965
630
507
-653
349
-827
-419
55
359
296
268
-314
-809
676
949
538
-519
377
-365
-540
651
-593
-699
-950
-906
-499
-27
251
740
573
-851
-68
-152
814
289
178
-602
471
426
-214
12
-182
-501
-698
343
408
-989
828
537
762
577
813
-782
594
-130
-552
-640
646
961
425
60
-49
-898
141
-490
878
737
-752
-66
-727
641
-49
367
87
144
219
-351
945
546
825
-94
254
669
473
826
33
-127
701
857
122
-87
837
-675
523
764
-28
-79
-470
539
-494
720
305
-433
568
592
67
-8
283
-511
-438
-100
-842
461
-415
-520
-444
-313
-346
828
106
-835
-717
-692
-527
-216
421
-688
446
-562
-869
-151
-166
-323
111
-46
-149
-873
-577
705
-140
-203
853
576
196
937
424
-960
754
803
567
179
-221
-24
-988
930
-280
-389
543
-202
747
826
952
711
-142
102
530
504
118
638
235
838
-549
-1
-551
-442
-108
-6
-941
-204
-312
369
390
634
-172
483
-662
721
-43
883
-739
274
93
-945
857
-194
212
155
357
-945
-829
316
-123
-723
775
-55
-628
-898
-468
-224
-330
-567
-69
-331
-309
558
801
-224
-431
540
948
703
-137
-484
709
-833
-37
-961
534
104
-894
949
-284
-541
331
-860
599
960
334
-918
544
-937
944
-494
-592
718
-959
272
-688
-512
-742
-31
371
-766
155
941
-554
-48
432
-476
570
-245
-657
240
243
973
531
471
-766
592
677
-665
975
-363
-779
185
-948
902
-362
179
387
859
962
-232
-188
928
464
-594
-845
212
414
701
284
-503
-792
427
582
-383
741
401
229
649
-753
630
159
602
-916
-289
91
-123
354
-242
-859
36
326
-302
-975
739
-140
684
3
-784
-113
967
-259
301
825
697
-59
448
-687
-109
-640
502
68
977
332
-447
261
655
883
102
586
-10
-48
-108
691
497
213
-451
-340
744
-498
701
914
-823
-429
805
-77
-501
536
-49
167
249
368
-224
-312
-942
12
742
-335
-628
-2
-566
-274
633
-471
-303
-428
802
220
436
802
-435
138
-980
58
941
-609
-825
-506
474
-168
0
137
552
-508
414
-25
322
457
5
-83
623
-965
-810
-398
-547
-172
416
-502
-373
359
191
-245
-31
133
87
-296
-129
527
127
-323
-280
439
-71
-446
-373
-486
-528
-753
477
-606
-354
-756
521
97
947
560
413
-621
-608
-557
512
-9
-434
483
207
1000
556
74
222
-421
-795
705
-603
-394
-535
-261
-633
-381
-972
450
93
-741
-439
-907
995
-889
133
-402
428
933
-742
306
778
541
5
-790
787
-975
175
-418
-39
-20
-98
-303
-623
977
-895
-483
927
764
-22
-767
683
-867
-180
7
-849
181
289
405
-891
-690
-695
661
152
943
-378
-826
-492
-758
142
565
-148
241
220
619
266
-538
588
70
-221
-78
860
-94
-392
761
205
-122
-375
164
271
-877
248
966
515
-797
940
562
-575
281
-568
-459
352
-834
-679
-509
-645
130
-847
-680
-995
-164
-78
411
216
-38
-404
-934
-526
-410
447
-421
439
760
-71
-855
407
-522
892
-459
613
620
280
207
354
646
912
-595
-130
-765
115
-540
326
-695
860
-456
692
-709
-854
-878
-661
623
-371
218
533
688
165
886
-409
-101
-746
-41
410
-378
433
-176
930
-443
24
105
11
-104
-836
224
-919
821
-116
504
-340
236
-488
-948
-813
-532
969
380
712
762
178
202
947
-958
566
376
682
-449
180
-918
562
548
-642
-37
62
334
-95
876
-431
-629
198
-108
300
667
7
984
-814
-38
-288
-164
-318
-343
372
-786
756
-671
-325
-157
420
14
-410
356
935
-180
666
557
126
-925
-69
-820
-356
-484
-338
-763
986
582
-173
771
53
689
-998
346
780
111
-54
-154
-889
-616
61
-260
275
549
20
280
-95
556
-895
-584
-454
124
-732
899
-411
-103
803
430
-8
-752
-941
993
290
246
636
-510
453
-676
-364
128
-972
131
-165
-810
-540
723
869
-768
-55
939
-760
326
704
-685
20
910
467
-403
42
444
-441
-150
709
-12
-33
-501
-65
128
-704
-215
-610
887
227
40
528
800
-721
769
-858
-435
582
617
749
-151
-304
913
613
39
-453
680
-995
-421
486
-389
715
202
187
351
2
772
-696
-86
103
-9
-294
-320
130
562
112
-228
-68
910
-341
780
-614
428
-511
171
-216
-522
753
588
-159
-911
-349
525
-32
444
870
661
-220
-210
359
622
680
335
-689
14
975
-925
-742
28
977
208
-321
781
-795
790
730
-99
-796
77
864
-65
-969
479
-705
-161
783
340
986
-684
-847
-39
600
984
-458
-307
276
418
-186
330
-836
744
-328
745
381
759
92
-222
954
-352
283
471
817
555
-1
786
108
-927
264
-860
-520
292
401
886
-412
-535
529
-815
-112
-799
557
297
441
787
-795
-92
-660
421
-387
850
-941
-906
-336
630
-886
-400
-266
-233
-118
-702
-500
87
-157
159
396
623
-632
-652
-642
-839
248
783
-217
269
399
-507
19
869
194
-707
-525
-56
306
-480
-59
-478
365
-981
840
647
-48
845
-411
387
119
-677
-849
-96
935
-293
203
-388
308
970
-132
413
-488
-65
731
-382
-593
-213
747
-11
-782
-515
-219
171
-265
177
-395
432
-396
-956
699
348
-190
-438
-984
159
771
404
593
525
993
-900
864
241
526
17
705
851
849
-414
588
636
-529
243
642
-279
-552
303
-611
271
-487
388
547
476
571
350
394
716
-720
286
-802
850
285
323
-920
-368
615
-98
-932
186
-253
499
-731
-816
862
-396
-331
530
-150
-641
-589
-730
610
104
794
989
-251
87
27
870
-442
700
-664
-474
871
688
933
-14
981
651
-396
528
782
-307
647
-765
-41
972
-846
-712
544
979
-538
761
385
483
381
-187
980
732
647
141
-251
-816
619
-192
-972
-459
98
-747
-69
-246
377
533
376
-464
197
-220
684
307
925
-240
-779
382
-522
-35
-949
268
810
931
149
-329
874
249
-547
326
-871
301
687
-50
862
435
-382
329
-164
-762
-714
-908
937
-924
-377
8
-763
-801
-520
817
100
-723
-205
-71
-241
373
944
521
426
937
106
-142
202
520
488
-684
813
-151
341
-798
707
2
260
-165
923
948
-428
-933
413
-242
-556
-92
-90
946
-517
751
-258
-797
404
-248
115
846
320
-266
-876
-185
-435
-612
982
-750
943
736
687
-69
-813
357
-566
314
309
222
988
-957
-897
611
-317
-502
-743
611
156
-580
-860
699
567
135
-576
200
-558
665
781
-523
-328
585
-698
