5367559
4655343
4903580
9948956
3371858
7569575
2340035
6562071
6432313
4281117
9786081
1854013
1836645
8468353
1515130
740718
6939097
8635268
6732326
1669670
6357706
180748
8012229
8236571
8249037
1171635
1796689
1287997
6283027
5485034
3410762
7202850
1728129
4021970
2558817
5154852
4158394
3610621
533733
7889352
2691675
2074667
426600
4430449
4804502
8951292
4450994
8534111
6304459
9058294
8554282
2577707
8286221
9819765
5241403
7507057
2939294
6338527
5287155
9491634
3846002
975337
9199390
3211292
6768340
1775887
8750285
3851805
1663814
7194137
2670096
1062796
8586792
6512780
4241851
4470225
1941726
8534394
4097794
3553468
8186299
1478279
2976534
7089923
8569732
1779882
7771512
1229737
3548602
6437463
4206803
2454959
7428761
2909208
4865472
4830063
9948437
2748051
7790404
8402780
7067046
9740224
9035107
9949626
9505104
4124241
4742488
1916901
2780664
2477249
8983200
5969783
9203224
2693986
6441551
884600
1641674
8276079
9075810
1672936
6896415
3639932
8778990
3286624
6302567
9015320
4523898
7751983
9379718
2187914
5765552
8885439
1627403
7101747
1869924
3620905
5258796
3398037
3380213
2484847
239066
2150623
4444839
1269558
2280438
1480097
6087243
1379912
1608489
4183776
4949019
4751953
2486056
2921457
1753854
6974610
7517147
6875923
8046495
6235694
3111554
9800176
2706686
3065433
7099248
3984618
452948
5770113
2151274
9990584
5455852
6808496
1831558
1482258
2043179
2756999
1200373
3881608
3328273
923087
4438692
7288222
3783768
7351204
5203292
7700148
888386
6453102
7043590
6691841
8033625
3120217
2283974
6521623
8192815
1652081
253384
7796343
6481188
822569
841457
4458923
592358
9659508
2131278
6334607
8649256
7828012
634012
99379
503210
9039271
1068313
7100746
1912657
6753108
3957012
2262349
4112674
1331978
6468920
3548242
4607722
474220
460603
8755247
5924824
6982331
5503817
3607995
3010149
4328084
8785669
6431366
8660372
8203701
9410931
6300879
3994894
6516292
8581085
4820242
4786589
5724218
3339226
9397647
471114
4717521
5059547
9488520
2689519
3514426
5335318
4266631
4182177
6694043
5920191
1383156
1756651
6508221
7073762
318234
1058405
1559557
8411291
2940110
2632717
3727133
5993550
8383699
9312876
4690502
898295
4518157
2432138
895762
8105441
7263549
2778129
3852236
644909
8307739
2040109
6570074
5320410
3046074
9748842
2560787
8026226
6382344
836686
7692397
1546608
1467904
736709
278343
93333
1207646
1429919
1568581
9949788
5435351
2799302
7067176
2735066
7223084
8363067
5553282
1388102
5859558
163073
4435300
3269721
2467364
9338718
3864407
7345039
5956466
8133693
3082476
5434591
1050233
1552895
2515735
4202033
1492270
6701231
9818446
3921168
5828176
7415223
9437632
951812
919471
6971834
1299020
10579
833057
8191085
6723463
150051
9743378
6748263
9186764
4025235
8280413
3485109
708025
4553403
2379855
7553845
1222906
5540958
5515965
1849079
4626206
575190
3656936
3215030
4856301
560097
3124353
9185868
2589666
882761
8097558
6100452
4130566
2580467
1344010
3055915
1413442
5882755
5025265
9168132
3342594
4922710
994690
2938096
7581119
5785155
4887854
3374550
5774737
9877122
9424279
2128246
316077
3370057
4116784
5953613
9035398
9598034
7278082
1570055
4081801
1889553
5167847
5391810
2327166
6711595
9119533
4182461
2899476
8144697
4999959
6888492
1415393
3111113
408986
3124874
3909163
2604266
2906010
7178414
4044089
954891
430271
7472562
6716441
8193467
477733
5330241
1413997
9217444
98212
7823156
7826020
8004807
8943421
9529509
510875
7239811
5460649
6451508
9674846
190243
4143869
4884200
8077718
5492934
1248348
7043496
5627785
5282760
5854547
6977436
7193572
8014204
9638946
9113479
2704946
3934611
2860261
2869826
2601648
3294505
7472443
8247148
803891
5486534
422023
708436
5288720
1091067
8019946
1047996
8463666
6468113
7412419
5031808
7923136
158055
1122057
9509852
5172404
5417911
8179210
4207128
7422076
7325926
8186912
7630998
4130288
7865261
7856458
5787736
187418
4215915
6788265
5269598
278618
8222219
7692301
7634436
5985306
4069863
2219090
7249979
3536341
104343
8206749
3244581
4273659
3842207
2362998
7989155
2090624
1397922
6774261
9594531
2723850
9034849
6542952
5884573
9995948
1512242
7620953
4080751
5858032
8436753
7629275
9450338
7859583
5606605
7281003
9338805
5394957
5467842
224045
1423264
7703573
1062409
558759
9999019
2974067
6557774
2492679
7845613
3721267
6186166
1078024
6598773
2706925
4629950
6293130
887481
5820459
9472531
1110793
2955370
4248535
7826148
2858907
8549480
4376124
1977925
3604954
4705797
6812002
728685
2785355
5203565
9295406
5276535
8394058
5974184
8857838
9486191
8280584
2056595
3161309
4174664
678768
9523817
9644754
2465218
5591468
6134153
9008301
3633564
9591822
1056807
2616030
458968
2189778
6199608
5612868
3343592
1073626
2005203
2988437
1626451
6333121
3845880
1048808
826499
2838507
1319761
906308
4024961
3968975
5719053
2899795
2066037
8194838
8531209
8404818
883408
2320313
5045863
2777561
8380978
8134180
9949016
5393871
5513932
2060156
4489069
8048536
7247484
2827126
3827795
7966046
7897114
2525911
5658783
7797086
1888714
4517194
6281088
1177269
675489
6211528
2267036
8544906
9950694
5137297
4567514
7439083
4491408
9495156
2707218
1686471
8784872
9698079
4828106
1098934
5572091
5373313
7392693
8291051
4320721
6039269
9841029
6109837
1508062
1667931
3002449
5661070
7233458
5112731
7067892
1525471
8177650
3407289
9229911
2847147
4941621
9779315
975703
1370130
7865992
2322663
4527998
651972
4394731
4735996
2317605
3544680
2645529
1878073
1007232
9873516
7429735
2701938
6617883
8851116
7319781
67173
5911265
5698627
4913837
429984
9160551
1277809
9731969
6908093
3058185
1161903
5530645
7014772
6572517
581673
3330234
7726586
6345094
7224704
6108155
6693173
7698505
2329337
9442253
2821620
9158867
1970867
5994046
3805240
3186533
288920
1809023
4255975
2219243
4437309
8928284
376144
5783258
5699898
8159282
9539704
311225
9659448
9020099
3890483
7013916
1835439
7586086
7998555
1640468
571839
9576031
5426229
8293668
1922662
6079524
9383482
7940720
9979609
6494252
4073876
2056816
6256030
6083301
192379
8831924
5206203
6611241
8040292
3324953
3581134
5128803
4866359
5625414
8555614
3109284
6233437
3770218
4100367
6697823
3494882
5270836
8372601
5353301
6335075
4692884
255255
6629577
7785968
6370188
6728742
7916352
1841676
5766649
1908103
6059530
3433345
9365427
8939793
7878212
5394619
591077
8046229
3427031
3735205
6292140
3164873
9075816
7930551
5340450
7432347
1035610
4281965
7458339
1019071
8023972
9520607
3440587
8885425
9987196
4755493
1052382
6955997
624287
9870772
6292456
4176010
9508859
9367744
4156754
9927936
2444254
4550619
4754579
1714208
4639836
4354066
8664911
7046499
8227620
5407544
8292379
5803192
1256480
4700054
5758562
5802795
9943660
4324628
7800589
1089382
3261545
9929863
9558152
1197520
5609631
9095636
8726532
5694999
8193255
947395
8386326
4139478
7047380
7925054
3624547
1461510
4488093
8734173
3134478
7437400
8295820
6842854
5127419
1211558
5323062
1772139
7655159
3222427
9398588
788871
1853842
7684390
8901151
451727
3615506
5746791
657737
7166052
4048706
8784911
370160
4330122
8675863
1526960
3009758
4849224
164021
3820318
7631728
6965470
3870597
3142360
4288858
5352786
8595434
8505298
3693890
9111110
8353351
7376060
4032832
2665405
4118940
2151472
4913374
6603952
6668772
9444040
320629
233851
6497933
4678369
6957669
472018
4658334
6036159
3334087
3050275
9933412
3112880
6399259
7427051
7851612
28849
6339228
3611736
8181399
5511263
4662042
1833415
539449
9646029
1602394
2902397
2497128
5340319
3210064
5034698
5721532
7807857
5921088
4792519
9134684
4888739
7789242
9696421
9058446
1259958
7401127
3977701
6632507
4386114
4190000
9072247
649629
4991003
7725310
1215014
5615862
3560163
8607983
830416
7988923
5300624
1962814
5039966
2621458
3434769
2242753
412596
4263010
7369830
4218513
5036284
6722553
8373746
7459097
1526692
4754252
1317768
7864487
5326036
9692507
7124532
9990938
5952630
2855606
8299712
5917365
9551996
9527899
4368897
1839123
8840519
1586645
2192135
1861787
2140104
2485686
3769579
1904998
8096777
2952563
1835499
8249626
8354867
4341877
2986099
8866032
2333322
7317011
7366492
679552
564563
1738360
2502998
7607336
37645
630023
5953250
1281056
9465496
3387912
4143583
3111189
527799
1394766
2550662
9600149
3464658
9458169
9313261
2338202
5563816
283816
6578388
1112329
3051953
3932963
5571440
2085292
8738879
3731825
439975
6654728
8368891
5753634
1597608
1585903
4498168
7710868
9642070
3905047
7459448
4623064
3479942
6607220
5056431
6712531
4385189
3423885
5357973
9779612
9484558
3066357
6538066
8596090
7973409
7040629
9399803
4101562
7225701
7358311
296352
4816659
8646068
6516491
4799373
3479113
6344371
7755462
4349495
8894237
3710921
9824288
474646
594189
697295
2976659
1755711
377165
4479855
6792895
2415440
7821458
3289686
530549
8136993
970115
4611011
8871243
579921
2504383
4683785
5174179
5852134
7470590
8134176
6956689
7643002
7375751
8343814
2782273
2188918
2176403
595591
121581
223278
3710291
6390183
3615620
894559
2923242
3256368
6008397
4613240
8688012
3866801
8892965
4583861
975784
3473955
2745156
8599953
8613337
1918882
3494735
4699544
7726763
8333294
7972681
9004725
5456334
8313161
4808749
3778186
7335917
8030626
3139874
8779966
8926254
8751123
3399503
1642743
9307516
9881216
3221948
9506980
1691956
9530628
5432861
6537098
997400
8359494
1520634
5354807
7210832
4341540
802919
6666907
7201695
2379820
1967442
965509
9813505
6823952
8258623
7836822
9215327
5748747
3212919
1499453
3813087
307898
6104641
8203593
4110067
6582021
6640175
2814234
9810228
2247764
8308808
8879568
7257990
7824311
3793759
4822186
1316465
9281434
6784118
4322162
6132230
1085790
7985600
9720617
2399999
3753719
7420998
9150858
4342227
9562952
2650891
2446464
9887673
8945728
9608790
5403099
3140179
5356007
750667
4193551
4653356
5576453
1427685
224746
8588681
8527843
8230665
3120987
5131150
3200630
4280236
3405729
7036246
7928417
5724348
2114976
3541256
1944921
7773112
8525990
3466458
8431417
155021
1187496
5424718
9787377
3181276
5647670
8249855
9285844
7516968
2082098
2137799
3538127
2418344
9630491
8582125
5979061
4628082
2952494
947517
8284330
4137404
2004046
8002217
2385680
7060057
6751098
5139776
871940
7620102
5962136
1244720
4316157
1107857
7478582
3760581
2894004
437094
2843950
5006530
4501534
4161273
283777
6423881
5350608
9009940
82278
8692225
8515658
8474912
43656
6094433
1172185
4290298
669345
8734800
2558469
8188640
9180659
5542784
2632762
8826922
6154727
8736484
8541922
5984210
369787
5227497
872
6796206
9766964
932129
5434247
2674768
9596813
1637157
3623074
8018078
8132853
8821617
2489305
4699738
5542409
3835778
113236
2187415
2814159
4283540
4813429
7957249
759668
8179835
3643058
1918339
9452768
735324
7841367
2961924
6221343
4114510
8954878
994033
877035
9633584
3105029
4908333
9387295
8733783
2109166
5152702
1674076
9319052
2966204
623122
3114131
146257
4467669
8684778
3488752
8904170
8491240
7119670
4415675
2706885
972010
1558114
2859544
1702482
5947045
8918937
2119754
9469773
6533374
4187
6488812
6701560
615256
7555393
4262
6660617
1721441
3798656
438562
5949643
2967509
2966397
4934550
6991636
3896955
4488602
2406891
7474700
959140
2553326
3067037
7574947
3330364
1826677
3005178
6168972
6011125
4472879
3461547
2535869
7659287
6460619
7888646
628239
1958311
5847287
1166431
1995109
7793369
6729250
8551446
8780805
534808
2618889
6863238
3999681
7030089
7751838
4628122
1532305
4240392
1113469
1387921
3255860
5065231
1914407
680820
5179365
3853710
6330801
9177267
6794226
8995497
8101790
8849249
7996573
7523437
8295051
9173523
7666737
8981801
1157549
1796033
8112119
3335128
1376466
2935051
3531964
8877872
3689956
9599570
1056302
7118566
7230586
250164
3079324
8819531
6922494
9608175
2832515
5468634
4282807
169844
5508379
3657568
108596
1871668
7712
2645516
8767319
6085342
3328983
505132
8362517
7836238
8225514
9736840
849678
4015761
9889047
7561907
4833760
2536767
845167
3943654
2243825
1685374
2272211
6903989
4589051
4476075
6684415
7881243
100857
564794
6113928
5353006
6358372
4904844
3532320
243454
7708963
877300
6846240
1899813
3298451
28229
7129149
416442
8069517
2712538
8061012
3449839
7614527
4668268
7434571
687872
1391954
9038249
2727462
4192825
8341976
7935698
5163266
3049455
6963783
3971276
875821
8610760
4359771
7083622
9604053
6897627
1034423
3930912
9737781
7571516
8324288
2868956
6831246
8806928
965026
6287487
7288638
6569412
3034714
8030070
2773025
2266102
798788
2983559
1611220
5203625
5428897
3913818
5993808
6847073
7836753
1619581
76546
7888449
3796833
1820910
8204480
4586985
7970352
3255052
3474941
671656
7179304
9337768
9965631
8473892
1444478
1989683
6812671
7296182
8889064
5285031
3240156
5874567
2125613
4406404
1500975
3662349
6467333
6447966
8890257
8539854
827283
9659836
1398633
6221904
4050044
2127499
4754466
7583723
1883502
5379192
9740504
5474716
3823108
4843147
4075601
3085736
5693390
7774535
647148
5449362
5094727
4241011
7037169
3926245
6987061
755843
564798
4734881
8206215
4963785
9087422
4379491
6915728
8089052
5494265
6193533
2876194
8723556
1750066
955784
6556723
165589
2211412
5571981
5543482
915599
1653513
4084502
8589581
4105427
9876868
5127079
1679861
4832793
3605893
9936621
1200118
8218208
6723931
1737752
4247592
8880193
3641064
5798649
4765873
3881917
9425394
1583144
5241986
747021
175524
7593804
3808103
4004938
4097555
8741781
2651863
3984962
1368658
9414820
3094753
9061775
488920
4478190
2778736
6338559
6513434
4797798
4530296
1696953
805932
859376
6401230
7282493
4464813
1754947
1707778
6692903
759718
9566166
8582719
3732148
9002254
3539544
2202622
4778765
406268
6967267
7891166
7537477
6415581
2704101
1872812
8661440
4821909
6677314
3985988
6019739
42773
3167642
3895720
9086400
6617488
3301326
8329808
8749563
8721584
5629947
8899532
602121
8785480
4481651
9578105
7074423
1552771
6181831
2645689
218655
1242763
8486724
2444488
701163
7249693
1166468
5309786
5100796
1783844
8465780
1772813
2396803
5970077
1539548
9698926
6972536
4409161
5512779
3282556
106958
9446761
4306171
1104759
9591456
4663577
4485253
549681
7040509
9204729
5285548
2923072
4473254
9760055
1887473
5473308
4965538
2435334
2131050
8600974
4625319
7916450
9258224
7406863
3632732
506950
8825583
9520574
3256151
3951999
1875993
6776284
3143219
7002430
1064728
8731508
9709453
1711284
2091104
7554803
9882835
5957285
1925930
9516660
4699339
6254155
9432184
1191794
6580189
349816
7169851
4665312
1322640
1632376
5411905
42486
50415
5529145
6832897
7831435
4348871
8808117
9649470
3533477
6824882
7779571
3040085
1677396
5375892
7846064
9756927
2744277
2956088
9428456
2893894
3512441
9625681
4516903
3535754
3689438
8701824
9545283
7236302
3863007
2044848
7931973
6065218
9018166
5043000
8145721
4210894
5588601
9961240
302436
3241274
4604436
2176349
1587565
7565717
5891158
3013911
7896285
5933985
1884940
1659778
3585739
9295975
9518995
1080826
3315365
2516353
3549057
9249961
8785349
9382350
968499
6033510
7756868
6294139
5156375
4412852
1892780
38253
1224178
721034
7462137
6768492
3848122
9342110
2113353
3389623
7028814
9121042
136433
2633406
1255183
7407306
6491105
3227616
9172025
7476371
4351097
7208600
1046370
1441990
8330813
4825272
9012776
905511
7357620
1167812
4569033
4611219
7528718
8172978
5523105
7234419
1321769
2855219
7588822
1457601
3732759
4919594
7409689
7754782
4650129
5897554
8019669
7739282
8317906
6570666
9104764
2919928
3734093
825141
30177
7743948
7136562
5886509
239891
2418332
7800932
4761738
8633485
1120062
4862998
2003784
4304024
1555121
7853031
3566508
7878255
2603413
871882
7927010
2879752
2636838
6715622
1402868
9829636
7789662
6843746
5831152
3030779
5681997
2848091
9054535
7495875
1676430
4560372
4262651
4747675
4007320
4213930
7743755
3858245
2465577
8355258
1049799
6573555
9675594
9270583
1021814
5354263
9016981
6414175
9271791
2545768
9191202
3018739
1203705
3593389
3196566
9884754
8041786
5106344
6566632
6777827
1447694
6056089
3181319
3088692
5351349
8116742
5711240
8859500
5642058
2279044
4444064
4143194
528974
3377641
9607616
6073053
5413385
4029018
5701996
5436473
2494572
2642721
5966214
5741087
6507853
306056
8558518
5628534
853836
2583201
9423513
5600937
8820249
616146
6087880
3766589
2485154
2447313
4192406
4699018
7889300
3759806
4536906
5921150
8337793
3386836
852202
7960529
6807589
3152444
5868018
8171915
5287714
648692
2318896
733925
130602
132850
8548066
4246256
480886
7922472
9721843
8823791
75305
9479807
6518403
296782
6546628
484741
5613279
3928983
263190
461510
9494559
9800429
6981659
3137963
6954844
2513
3978095
5826832
7209440
2656471
1713330
6047306
8182196
2091006
571314
8939816
5367168
8820036
3428365
1775705
6693808
8350771
4493618
2889753
2210697
8775846
9300219
1117306
8097760
8546539
3467842
5341513
590868
1508783
6202381
8271497
4727471
5949767
3419885
2516214
4589696
3138065
4029054
8555977
5936842
7541051
8766209
6496009
3584002
4835887
9676920
799210
3835323
6268625
7695245
2773745
3052031
8193064
8351138
4334808
652285
3596497
5455352
2487144
537273
1957998
4082500
6647489
3538525
4810809
1461713
6208890
6773398
7573572
1486785
2539725
9114268
8002427
7229669
8870749
2641696
5274196
2499885
7507022
2365626
9302517
6623396
9073326
6995032
407731
4670947
4342732
3123248
9718227
9268524
7571110
3565455
326110
9524607
2309184
8542445
6835527
8335599
5161794
5013800
1418585
8734617
5516286
1162996
1561815
4404685
9059036
2877202
8528092
5766016
5641831
8554505
6505081
2872603
477673
2719758
3456031
4555343
1076008
6634
2823483
7725006
9727547
1594205
3110069
1096174
9982589
6575731
1364739
6822443
4302701
5162657
986089
3050651
7582026
5613376
6725877
6557538
3131763
367977
34055
5351360
9357648
7465477
240916
5938360
8281334
8284458
4485961
4177291
571072
2549425
1196919
9106051
866297
9059915
8898957
4706283
4023666
4813962
6214710
8083335
4133203
6556492
4946956
1433041
5468126
2825545
5528178
5722789
382754
674996
7384365
8376858
8740049
2179431
5860199
9813949
8925014
7106311
3465105
9656395
1850009
8269871
259218
571617
1659522
8120681
9162141
8977114
9823381
7054708
7096143
6311977
9555568
6417684
3160731
9130913
5397634
8853925
1189218
6031500
1829648
494122
8298955
9492358
2917874
4610585
3282763
983978
1544570
5771140
5448573
1428348
7256685
5756896
7202771
236153
9740573
1808440
4907195
77532
9976874
7988901
9405020
192255
8289366
1052186
2575967
1226884
8479151
5380242
3989312
3477720
3404378
1247032
3118679
8754752
2819106
5522985
3271901
1150204
8499925
635501
5270852
9064909
8053502
6939877
3027833
6253494
7628571
5066699
9744430
5585101
5340153
3219956
8226064
3659802
4143663
203492
1102039
5591554
7375561
3850119
1466332
8892964
9336182
2412102
695888
5550148
6398433
8654124
2209211
2771119
4369124
9457392
6976725
7170061
6093632
8434160
65425
7603143
9658420
4915019
2272328
1950534
4825223
452942
6676246
2813027
2405227
549309
8637854
8611540
405850
4261666
743693
531095
6709051
9365806
9349602
1096557
6185501
6717445
1176084
7492509
7401077
8647134
5602162
7495018
4690978
3141745
8701898
5026507
9082231
8042453
888928
4868183
4479164
7125730
9234289
753575
5694037
5526188
383030
6895467
1733113
3067513
7936038
3535065
6747349
9235287
8825301
1625472
6567636
9878344
5975725
3669820
6467022
5427590
8497792
9413082
8519312
5375459
1388287
9453777
4715831
7818228
2853691
5113356
5150174
660123
4833550
8240197
7627493
7579532
229202
6503843
2077334
9820812
9146451
4343280
9712078
3058606
9410517
9803507
7436605
8266445
8620855
9124150
9046171
1184624
2995717
5645723
4084465
238450
201419
8224313
6049508
6086309
7066040
4386328
6559380
4067704
5278280
146256
4274007
4826611
2397749
1906614
3802714
3537390
8781329
5123626
6377806
6519610
8441808
6171738
5455571
8748100
1361295
2288929
3432069
3338258
5709544
3239061
8458265
1067685
2392340
5050445
5809547
4200670
8179844
1853133
1259173
4393336
7905273
8026034
8100268
3983159
5304034
4336000
2386336
4588939
382971
6390407
719318
6783232
8917284
7956975
2719996
5059034
5452822
8655034
7138270
4449467
449535
3310987
668207
1838310
9559450
5734961
4203561
3208364
1046428
1790139
6672933
3881579
135718
5442851
6872274
4959893
9226679
9339233
5479342
7194245
611147
5125885
7290670
4139355
4675057
2376915
6466980
5022875
3831837
6314222
6822731
1749323
8882557
7410803
6244887
5404917
9384466
2926182
5900660
586618
5803644
4390709
6813247
7538404
7829154
2308086
7562825
9849333
681724
8180207
7725640
5542870
8294495
9028433
3136911
7870282
2545993
1973422
9489446
592457
7948035
2682921
5348226
6028546
2625450
5183602
8750097
3968517
5084776
394515
8542677
1920987
8632673
5824942
1291911
9695282
3732201
3155997
4278446
4572524
7679556
8667024
7068115
786039
3007735
8155746
7208657
6076695
4691907
507905
7169918
3044159
9170141
6423805
1578952
2802949
7559327
1910333
4809097
8581847
1137517
4894730
6147993
3115451
3607581
169051
6675122
4801214
9469679
3530692
2815860
2949379
1494950
2745527
5998648
2345820
5477088
3821126
1867648
2225295
4170176
611928
7059868
2484083
8007143
9033777
5463415
8777530
5450130
522733
6213662
3327750
7204554
6562355
7999272
2903925
8334270
1194937
8523952
9644618
8877741
7399129
4928726
7571825
7610853
134051
6635534
5321214
4234349
5675513
2268258
2287575
2996730
8025004
4311605
3115160
1949146
5317257
4687184
2541762
6298883
9840476
902203
9725427
878791
2853527
2240720
6053399
21578
7935344
1332733
8585215
6008189
2673878
2423562
6117084
607117
9838590
4379568
9972730
3846769
8991532
4169101
3425792
7359771
7149859
8972447
5125645
1206452
2996839
2118533
315575
2411455
8615081
3994757
2127080
4096036
7140371
3564569
576742
9541097
4697336
4726969
435597
2164777
5045636
1379032
1554955
5155568
932631
8188235
2883255
6026768
6345387
4325925
2481668
2814067
5775400
6830509
7913106
4842778
9208012
6834061
3749665
6362992
6656616
6768257
8858494
4323897
127556
7998969
4944255
8115098
5067496
2432607
6059004
6619500
2255971
2460133
5149434
2288091
1466930
6900812
662989
4101915
8052598
8148242
1623242
3444102
8492538
97208
601292
5721732
9603663
7428800
8431439
3912775
4549506
5543791
4183323
2566499
9742594
6234651
5588008
1482076
2385198
6072940
1897027
4532492
3957132
3819079
2003899
8518102
2538304
9729186
5710852
9687401
4376898
184886
3239455
2558707
6795750
5712741
4522091
2899450
4164517
2113596
252433
1667786
3434986
5258606
8114683
6712495
2616637
3993914
5816335
5738534
4027351
353546
9944182
303013
3965600
2359159
6570519
3488424
8240556
6321529
949735
7196212
6947643
5039549
6657746
8592554
6918645
4015097
5608596
529819
1806212
5423236
9809004
4689366
628153
4672005
1255516
9572728
8337819
2482892
6695855
6445295
3986020
7082901
884750
1218573
8045312
856176
2832970
6214674
3951434
4307715
4808099
7886579
1078468
8505764
4077909
2864695
2254143
813636
4738744
5787121
5076153
939579
4291726
4921018
7501064
3450927
2079542
8031566
7634239
1305723
6714022
5101665
1884676
5607473
7433610
2171647
1526956
1722619
1348049
2328843
1234221
6353803
4734512
3429117
8031381
4991930
3102691
5882174
1593950
325776
4161456
1020156
1037506
3543984
7299032
1367115
7443997
6816849
5163251
2310280
468050
1088527
4404670
9930612
5166317
4480762
2171545
8165532
5590325
9042951
2722423
2225718
2907894
3363123
3289588
4449310
1218326
1769064
8528035
1849673
8308548
31350
8325906
8586254
5174840
3147663
1261376
1162659
6347580
7778463
2684056
5759422
9849374
2571619
8402303
383843
2741417
9656335
8379096
7328037
3453956
8986463
8532823
8653962
56933
3948550
2288828
9745965
2670207
4184016
2831921
7350941
1704914
4042186
5456490
2446584
2450534
2236266
3905978
8669414
4234829
9194076
6402193
411136
248660
7061726
1850582
7786474
1905704
1777717
5498967
3488477
6370920
2577952
9534926
2640382
7636530
6725016
4966627
1973965
3671740
5747197
4004533
1590267
742892
7468576
206532
5033734
1633137
2285297
6207766
1917364
251684
14498
2683735
1858332
4376508
218348
319907
2897529
2722403
1621865
109676
3872485
2832921
8260968
5591473
8317435
4959479
5260829
7726238
1896707
5211127
3981007
6762349
5127013
2973749
636888
589087
5664389
7708407
6260785
6926094
6887222
8326604
8030255
6341159
4156383
3289151
6493716
2681939
5681778
3708367
2171836
7559114
6782643
7449067
9981115
2362058
5231953
5586857
21809
7262627
300465
7410077
3390007
819700
2213135
5599908
4078783
6424135
3002452
2795811
7912522
9984864
3683271
6420529
153009
30768
3541609
773580
4768491
3655120
4253382
3762131
9318538
8542366
1247737
6790341
5079983
286236
9193950
2464891
2514582
3619265
837934
3930364
3550739
9900751
2263927
2581316
9089232
4913597
3316819
9516394
6341529
3720414
7527543
7421741
3467280
1297690
6524331
8995003
3316178
3405376
6994648
4842992
7338897
8114751
481244
5643695
5066826
5938156
7542873
7584833
6040740
783757
3070163
1729392
2582538
7845007
2018730
7279004
4839112
538539
993769
226678
1145317
4650711
9578434
8478800
1335944
6911541
4847594
6017828
101533
8834070
5804711
9001955
4990286
3679290
3816892
6147743
2414913
866573
9355486
1234497
5076039
6560123
3922120
3831775
1978912
9192339
6885770
4769752
3463331
7455809
6054752
4415314
404768
624354
740032
1068296
8964525
3324177
8087734
816894
5355495
6003669
4730501
5209719
4242775
5233835
9547377
177284
2427475
6169915
7180649
7849843
2854506
7486241
9934628
3937212
5062353
8024558
3238169
2800276
1524079
5603259
7426780
917258
3418620
4736246
8843753
9347974
4867880
2351846
7009527
5745153
85264
7160149
6448983
2261116
7353863
4993569
2878219
2450776
4493147
2410448
3176385
9819865
2407041
6866855
1889969
8307614
2519175
7193378
3477276
81224
143630
7691778
2691390
8312769
5404886
2765846
7949118
2294243
7740930
5855801
7950644
2140391
9571231
5971648
3305446
4993044
4631188
2643292
1278112
2118332
8060825
4781919
4181078
3070265
5821796
9753109
2795184
7162344
3713095
8871518
8948512
8036358
427567
1789668
2472969
2762245
9836971
7645591
8375592
6045322
9178433
9390720
5487261
4851962
1919738
7321508
9545348
4987992
8669564
1724497
4047628
4878465
3989526
8392178
6297711
2192773
1743774
5996857
1812116
7129493
7162095
6242719
5010464
8446102
6084036
2511516
667580
7124319
8706554
4172614
8765203
8996496
978067
8016539
8621350
3092239
9514819
9040244
3613148
9751578
2874315
5537965
7657017
1604209
6597535
2396528
6913428
2709484
6325944
2878626
1754984
5408615
385432
3431635
6581333
2525660
5504735
5516269
3950407
232200
276890
836892
9747363
9567451
1838376
8475665
9441025
757987
9752069
3152004
6122383
5027703
2286369
5260059
2364998
29006
570170
4284907
2415863
7212858
4082772
3882348
4883146
3149448
4569071
9942366
792897
6516336
6333777
8493430
9501153
7546771
8361801
3302608
3890819
9944298
8999610
9972445
7654980
4681256
7965155
4791022
4524144
5815497
4242981
8555538
9865393
7238012
8941378
2850218
9432947
2983181
1735281
7474853
2243306
1649838
2289019
5877199
3247641
1345039
4439674
8060855
2399372
9258687
3755611
865449
8521223
7425903
387909
6328480
4142637
3855855
9673403
787875
1860613
3919353
2718730
2190725
6583126
3101777
3677100
7135814
2683244
9116861
1042964
1662872
499118
5595123
6427021
268717
5075437
1835038
6138210
7833650
7030014
5939793
5479868
1383
3503695
3703120
1497808
5289737
2142753
3278240
1612121
9206430
3121802
9438184
341518
7287498
3406608
4981148
4314483
2729305
4312760
5574161
6501945
2557542
7443099
9520225
1523002
567582
1241622
5805983
7123821
8788006
2691330
3136238
5714496
8445232
732683
7965847
9849766
9990971
396186
7759472
3013422
2098070
1806279
7628259
7919628
4979333
8600415
2248721
6205295
5918749
418810
7300236
8121362
5641661
8845925
447523
4783533
5116635
8019346
4115989
1807882
7722747
1049410
791991
4475078
4463703
2198449
228915
1697910
9073656
2345235
5539240
1558815
6733021
3370997
9105999
4668096
70262
8353945
8081097
3406091
4615018
6917346
5823150
4844501
3439537
3995671
5249236
7614766
5801544
3390123
7143358
1972097
1703412
2437389
9085755
6868944
9784698
8859280
8926004
3720310
4237101
1831017
5657910
9573808
2413077
427115
3225246
2892872
8173663
6570249
5129043
2737135
5188583
8401270
2873241
5430884
3717599
1090517
3563232
7792634
9905647
9355821
1966642
9288400
8550919
8118165
4670764
2323322
2193959
2269929
2156683
1295218
1668965
7377726
173647
5925745
7877972
7028022
8130949
8744895
5528207
749211
5727351
688461
3936621
8953593
6160433
5965196
4980513
6052163
8012077
6649051
2469498
8655763
6848795
7532115
256733
6406431
6030572
8567887
6500453
781487
4349924
1188672
257442
8549176
4202963
1283004
5208166
8743442
1729205
8914989
4334413
1178310
7894369
4267752
4559983
7082276
5365349
5331486
8274731
9234008
7459412
5102263
628213
2935303
7027399
4852168
1504318
9451357
8149054
5039997
6414561
2492597
2061448
4160824
1202860
5804075
1414859
5874077
5405609
7006732
9357986
1058501
282471
9427653
4137493
1405832
4799112
8311164
5168884
2165804
5518588
832754
2372358
2089564
5094589
4833142
4474673
2629585
1295780
8448204
3362820
273256
4173545
7974930
4714234
9887949
4029953
5186738
4947466
3311491
6268773
1495732
501856
4183374
8705282
8521733
6477616
9043011
5983100
5318421
1138320
2792282
4408765
9757776
9356122
720108
295628
993881
6641317
2807551
5019395
3856798
3410860
6930534
5723471
1525540
5688876
616147
552567
3408435
4727494
8389411
8566596
1728737
4705648
167777
4365536
4573881
2839647
8815700
1510322
8156087
6261491
8155521
4724095
9210729
2985199
867915
4865916
7795482
3431022
1460767
3634741
6083388
8963494
6670354
1507013
3080220
5262724
1410463
6486463
8538639
5579217
6954113
4283094
9064966
8786244
7081720
2785405
2637653
7658995
6207086
2650025
5189966
5037579
8994362
2112257
3153536
6295125
2819839
5881857
4154024
3863567
9149045
3100307
4017000
1439405
718708
1457576
3566690
6209431
2986625
3392933
4162312
2321713
855334
1025540
9550277
9002271
5206082
5291969
4310379
4977194
4408879
614023
7754235
3123728
9334953
9760063
3098219
7195532
307431
3379406
3939391
3823301
9310782
2843026
9360848
556150
5311548
5960504
1049405
9194981
1191519
7775616
100174
1912091
1376695
1072776
5356892
4365072
8579113
9343031
3096767
7143865
6325073
6883242
2001860
225514
464296
7346769
1154395
3508666
4222225
8527379
2613252
4785787
7175685
3551348
3328772
8856611
9833726
9382764
216960
6710069
5769149
4413540
5216482
9164297
395775
4376986
782914
4071322
926226
1045268
7060929
7203860
1634358
4825242
3064760
7282194
6012732
3257607
340701
189608
9331279
7453260
7075764
4444840
3087473
5705575
8687382
1096271
298422
6779864
934144
3829610
5935260
9424094
9278676
8182353
56849
9755647
3933508
4069491
2644572
949805
4796374
7903529
8860302
6255346
5888168
4581944
3592782
9618326
5747879
2789839
3290992
2331889
5037819
7932635
3823729
9652915
1280408
2575018
9857781
1722246
4258972
870189
6920386
5066614
9598638
6948189
9731671
7391541
82442
8686252
7416928
3761158
2998224
6552320
2268158
397048
3241635
8652917
7265946
3797087
1412622
6027189
2627217
7535262
5780667
3845029
7227021
6875600
8224778
7584589
9641843
4454533
8188257
9603515
7117912
7185008
1234333
5484015
7480586
2838009
8908657
5207789
7217414
1863249
3348700
6163310
4791860
2877187
1628415
5273276
5484098
9991397
8692271
3118554
6299113
7197074
9517658
2005943
952835
7027201
2969228
6066693
5518852
2491776
3000798
7680186
2585034
6660190
7438641
621522
7372891
3985600
9174879
4430673
4374859
2392642
8730903
3172641
1216917
3394063
5581781
2588474
2078076
6741944
6356771
3887567
4357145
6542425
3553889
1996549
1103406
2001659
8987358
5691418
3815370
7254273
6695618
3488494
1008797
6162692
8682746
7325199
5370848
1831489
5065225
6800036
6153671
414270
9995791
1278872
7383927
8587725
4418910
7162675
4543211
4938584
6213211
8759311
1467231
2729341
3964730
2942944
5483612
7760933
7433757
7644743
7833601
2203767
6001461
9172218
4413190
1428533
6544192
1785668
7842228
1212522
8988809
9213960
7632111
4867677
2668614
1185027
4128080
8548718
5560386
9041699
8826859
8174120
9468741
8113515
4610455
3715691
7686687
9281119
6380307
2219401
6678984
786022
9497371
832814
5573363
225403
24304
9317342
8510586
4629049
900791
7362758
5081429
4754672
7777815
3733307
2247279
9471486
8963792
1948745
9894948
9078682
6534452
9988058
1404694
2296797
4204810
5072765
7260018
7891229
3382514
8136965
1957955
2626756
3834791
9634349
1421919
662802
4179221
4773676
7548858
5438157
240357
4383411
4798821
9034377
8855256
1537078
704105
5499568
9645120
8186354
6205209
6161303
9542238
2962522
8553363
9270772
4193411
5745812
7033292
7884845
2393295
4782997
2048019
3435190
5254237
3640258
7759907
9699645
8113094
2668555
544589
1675117
4902650
3277833
5743815
5247259
766123
292711
7040994
6778994
1124942
8943166
4575703
7028025
8386177
3821600
582782
1268192
7287201
365231
4857803
6765174
9620267
1908741
2719345
2367367
6646733
5690219
3471701
5580219
2913804
9559021
3975662
3408952
428015
6424590
3529128
3375622
354862
6757554
5037592
5234383
8815185
6587606
6625517
4201176
9254258
7961262
7909284
6090645
9743092
9263235
5776061
9872893
789120
5711970
3643922
8587648
270210
9779456
7527798
1155381
3306898
9147845
3562551
1872663
2235187
6126026
8309370
6332700
1176328
1324994
4372393
4069256
6238200
4138161
625788
5202843
830929
6601154
5581013
2254002
2108878
9200562
4132978
2803314
5200928
3785772
3914861
6827637
9001792
9807948
1768939
7714837
5494100
1908864
8581124
8552144
5298284
7473491
349087
7624777
6425675
7204437
5764601
5618731
5740307
712070
8079114
6213911
6562102
6094656
9708108
688292
5106664
41040
5429805
2442029
3602792
4512974
5963809
8216015
8067233
6622872
2110755
6787384
4101798
647740
7654888
3876198
4458421
3120130
2711158
167883
7714971
8638325
5603947
2192650
5140992
1798758
3924260
573490
3345543
9342531
7262700
4826804
5161959
3073546
5716368
877582
775174
9222812
278076
34516
5220204
9262389
3188339
6065653
2731817
7473974
3212401
264906
1317384
4265126
3340294
9802021
6772370
2631015
6991645
191195
3064651
7833233
3975036
1537620
2206509
1678510
5732258
5093724
2102296
8440842
6230298
3631122
6045662
4046252
7528964
2896149
2293813
420666
7493001
8709325
5626108
4166042
5640274
140017
2662508
9452808
5399041
1480724
3144554
394328
2480428
8663513
4430039
2249240
6617241
4780797
5025365
8605702
551845
4328460
6488933
2387598
5161888
8927657
9388315
5996673
2603527
7272646
6310169
7181991
8312636
3496912
4338386
2785571
2406713
1630704
3981271
3876941
4343458
9116671
9334504
247617
8169034
4198809
5589621
6357681
1273245
8459399
4089942
4089375
5976775
1345416
5234920
8326703
8159671
558606
7072101
3757745
8626853
1959986
1072472
7978367
83304
939056
7878199
4313796
3889915
3887759
5049282
3399230
8642242
6296204
3074513
4585164
1383212
1185639
4405177
2660220
5325074
9755296
759671
3929986
8978268
9905571
3197346
4488407
6646565
1669770
7867984
7560742
8100881
9269365
3366431
6381561
4452799
3819241
6684413
7791177
5623949
636049
7168352
8160055
7250629
4771893
9337557
4017234
5533850
4163709
3487696
9698497
8612165
5143123
7896628
4507331
3455721
9714924
6383264
6205416
118923
9582255
9312848
8833167
291696
780960
2936074
8208999
2000474
4935723
5086752
7731095
6766218
8066254
8024822
4367292
987902
9501830
8102495
71281
8933448
9910924
3781110
9435070
2487860
7899713
5779269
1872758
4213544
6300714
306371
7879256
18957
696853
1783046
6731743
5435808
4693716
5820207
4132451
3563665
7213912
6133612
1082248
6177315
8808716
4966835
9627140
1391717
4753898
7412158
8108959
6898402
7886635
7965670
9308316
4541704
5850880
3653207
5590730
1043077
6230315
1416250
4321707
1176653
1481134
6349662
3382981
1642012
2962867
7552276
2556293
5310908
6822891
9612856
6411519
969408
6568301
9110232
3703789
283085
4925051
9928060
756948
1491825
3541303
535679
166218
6290456
9586231
4935224
8883242
493865
6948373
7251584
206135
221587
1327797
4806955
9228252
7088615
9361072
5478870
1439314
7654527
8495593
4342695
6765690
3501929
943244
3879614
6851257
7839702
1673340
6742712
2431361
2190122
7009130
5407443
7346919
4129144
6812986
203968
9329437
5215064
6968692
1874048
9472519
4619013
8779758
8935349
4953563
3729145
1893521
3624347
5343455
6762713
6247874
9614262
5901061
741091
8655282
3045787
7448766
1372358
7045683
6205281
6704733
6344313
5641738
7711022
4533866
7803652
103264
3329869
7287377
4810742
1790553
4752530
1041318
4863772
1390842
8894942
2913523
8049590
9587679
8777407
2618309
3534127
8485638
1087623
6024181
6554158
6889062
3389061
7070076
8720739
2784403
8808974
8218785
7025179
1203777
4833955
8192246
377830
4427993
3623552
6234185
3824256
5480075
3022655
8490563
1337478
3937984
6177279
213441
494833
9416352
6322587
3004404
3005419
5050864
9330029
5953545
8453345
3075874
3680026
5535629
7500925
3655054
5045533
560364
3339423
8595172
1274284
7333943
7244947
778979
3399186
8089977
864552
7482163
5030579
4289059
6502822
7494622
956052
2605396
5925161
1931601
5749298
4430440
2577496
4876368
8843918
7716692
9965263
3746378
9128904
6150993
7037541
8988166
9741744
4625376
935140
4716830
5783408
9251642
2221948
6676685
4883355
4382310
2716865
1571634
4968300
7909496
912575
404871
1138323
709658
9173913
563124
8104016
2383548
3118917
5131648
521427
6599318
4074190
3888733
3605984
5775198
8703105
3418643
1463781
3837171
2205557
8805961
8390882
338218
4636640
830449
6127704
6702337
220086
7184721
5505938
3648859
9546821
6467387
6460082
8655620
7013759
6795911
3327264
5254738
1795390
7173187
6037230
5220173
54251
992915
9568051
9647238
6762063
3878449
6009929
4727663
3287349
7134236
2324709
6547174
824823
4285542
9652176
2470046
615140
7228077
7084460
6485962
2387056
2537969
9740937
8936661
6395119
6565909
5952486
2332792
5852575
5562051
1043798
9216354
330317
8562867
2772717
8471994
9330178
364690
2702775
3178182
4245491
9749953
1419348
4914944
8405799
7230347
2951013
185021
227964
2875676
3896382
2666885
3477184
2656794
240979
6587757
9248128
2672057
8854288
539766
6397252
8649760
853551
6791034
1715577
7878674
1921528
2963421
2596516
8194261
9293040
5198220
3078624
8724911
7258438
9170771
3256507
7094260
872738
987098
384518
7851706
2663450
247450
9073327
4239242
9970773
9270111
1275552
3969273
7145946
2360055
5689726
5353865
9026946
4594042
4272223
6943346
6530126
8701066
4537382
7310202
3939723
2772242
8826216
7625141
4787764
2133022
4384377
8963632
3392832
9513829
6833904
2090535
3029502
53090
719322
4888435
1288095
2571408
8369713
4504538
2756519
6518809
7798034
4827162
231307
2707988
5696218
5680397
957575
6641521
3359444
4332926
8055717
9601373
2606120
9186529
5498474
1229504
2408313
5577058
9882972
5604811
5230289
9345846
2243614
1040087
2158064
8474081
5896378
5847809
5384352
5791483
7952944
8149718
1704992
6446795
2279877
3684673
5095100
9919994
8233500
5407202
7838746
6000925
6976045
5579839
9305490
4346389
667622
9447806
1618079
3384287
2923186
3498832
9956925
463874
6590010
9846966
9078382
5030474
564616
2591165
4308211
3105174
5551536
264967
3796081
8249098
9212468
3458179
6154904
4494824
8299181
4622217
6981455
15609
8363095
3668149
2850867
5699453
380239
5248866
1024588
7222755
1970011
7483174
4188187
8230415
616341
4950737
7575376
8223937
9782297
2813460
5970770
4572526
9634749
8098576
2552848
5668660
4231367
859238
9293502
3171746
5665053
6467660
8246236
9437967
6687746
4271435
7445408
273799
5600493
8727929
6451902
7476110
3299097
4700126
3966657
1098458
3678488
3520061
6498789
1592194
6148660
9121898
3157045
4063153
6208800
5341724
4033459
1380670
4550353
8692635
6113150
935434
6617863
1282004
4996200
1650044
5664023
5999694
8254767
7702524
5549519
9512843
4900697
9027878
517
1915659
3175009
9908925
3066254
8785322
375698
7053864
2423703
8871199
681745
7726128
8064048
9348670
7636382
6954357
2210562
2286750
7727292
3794082
9756420
7101498
8791119
4644322
3059505
1637330
6546450
9324359
2989283
6702723
6834938
4436070
58769
716299
7065158
9761587
3171629
7954006
8257757
671820
1583112
384522
2541015
9158618
5701638
3999272
886314
7893073
3973491
4494001
8778881
7152427
6371611
3638489
4960245
9409953
2073240
1998559
4674673
8147476
4532123
8936495
1034385
7233772
1989531
2729027
2379369
5866042
8480480
681812
6638666
2872533
6034991
4466113
3291551
9998767
6346407
8162762
4202706
7201500
846810
7322126
5032162
7450859
4656553
9777701
9099539
382735
770917
1751847
4027340
8674702
2169388
6319197
3439076
6820658
7106827
3844799
676866
5937272
862775
734985
2458378
4037619
2188639
8101862
8298046
95325
9779826
4987254
5199320
4232046
7042251
5629023
1276498
590639
6438493
9010016
9182688
5490727
9736947
8535690
9692829
973194
1969712
8244319
4500168
8829014
3171795
7427204
7065350
521903
4421514
8987831
5415995
9933360
6750397
3552140
763615
2222044
9624839
5064550
1932411
9979825
3218936
6341766
9393429
5311308
2368703
3682363
1735963
6334166
776214
1652267
9888227
1823732
4106988
3473377
4088216
1369005
5715515
2885641
4710411
8692229
1142041
9113011
8708392
4566915
3499102
5376740
3169763
2089547
1863125
6431201
2246004
7391559
8921315
1040298
8602376
8333076
2353780
6348809
1999758
1841114
1340516
2673270
5725271
636534
5339755
4372066
9072587
6407451
3967371
9146924
9391894
1263933
2138144
5656873
1668373
455316
1300490
3516931
9787674
8714631
296622
7480636
3139323
7893898
501524
7228717
7728762
4304873
6462457
173895
550006
5147312
260434
209142
97554
9063875
3225645
308567
4065263
7768296
9882619
1477809
8720088
7134860
3066683
8429524
4686824
9129393
1145852
3502545
2575214
7277716
4332698
6439681
617189
9339587
4150089
1871226
6297686
3878050
5617323
9902121
5987146
4347988
7478510
5006583
694971
3203766
5553634
5127289
8245516
6259159
9013450
1163121
665816
7612791
3910397
7008288
4970420
4039503
7264738
3737967
457033
7814981
4268074
2121030
7251533
6204903
7739772
7278353
4905253
624405
2246892
6291324
1169110
595424
5491597
9205953
5770886
9204498
852378
5390181
9379134
9386411
1042276
24060
5623858
6604795
323215
2976700
8912691
5184622
597618
5260716
5915487
333838
2673066
9071215
4011076
6870423
5517611
6284872
8420647
6608008
4589806
5282574
566256
4949575
560178
6179408
8378046
1458283
8881514
3841013
2702074
4702975
8429513
7108477
6881882
6595911
1933099
2080745
3421084
9669313
7966641
43451
1576944
8350439
9568006
3928992
6534208
7602084
7910726
3586689
946063
6404980
1953325
6805073
392071
4082288
4486421
5857668
9651606
2482157
87236
5181183
7824401
6327770
5473891
9283918
2813232
6465515
4061769
5468981
9149452
4633090
5395419
7919869
1592255
8067403
1455269
8822080
9758489
8332229
2469905
5374927
5543726
2549340
5801049
9146890
9436253
7748049
1367002
3531132
2537467
382963
614836
4222503
2941967
3481755
9692353
9612175
3562919
5534404
2693535
5602547
5862755
8873393
9513282
9139175
136131
4076055
6853094
8726947
3471057
3917030
3361608
625106
4009942
7854589
4847879
4039544
1045029
5882737
2308845
3537842
235842
7607627
3034057
425190
7790279
9285248
7865856
7857219
6533777
3008207
6308325
8554739
8546126
6218275
7255915
8079055
1954513
4903715
1926357
9058452
225013
7973312
6505516
4653059
6782613
855582
5678408
6673154
6398936
545023
547472
3095104
733771
8788551
2970557
3977340
6190818
3879160
7480651
762013
5161621
6019679
202261
1912658
5419855
4745228
9710231
7378193
5420531
3194188
8770431
71275
3902415
145776
1401620
7436960
6307792
6991163
7921539
2153541
6600816
9779129
3470377
1385771
2421671
6782148
4527690
1509618
2676700
6588742
7775054
3271788
5392776
6005106
6246326
2471291
4244221
1766164
6158936
8062004
7511637
600978
2017062
1321153
9978797
9485035
395727
4543034
3751748
7122793
7921965
8980098
7777099
6451058
2263854
4569394
6426772
4767407
6307591
8964545
5570760
4006100
4245560
8843093
6976247
1001348
3922325
4737845
3914458
4457338
7146362
226902
1363286
4006247
9287041
9703816
7085074
9034886
3124928
2942284
5506594
8477071
4638256
637749
8306502
3524540
2145989
8698706
814239
8104973
7871985
5047396
9482378
5227821
8432181
948478
2006551
7510176
2857125
5414119
5138055
8555256
3005911
3960738
8807880
1705028
1627614
451317
3893225
3300938
3503778
6230982
7181646
4092825
3840168
7536219
4386713
753418
7157382
8295819
4610625
1698599
8525965
6534195
7226081
6594991
533056
2495396
5938732
2099284
3159888
9288415
4031516
1790257
6618118
8601768
5299311
6007057
9506101
1278714
3354853
8939923
5242118
7916518
1673852
7253773
7486717
6381295
6525812
3432320
4775372
7666919
3301497
1318396
4967473
4508104
818778
3512404
9847719
4907589
5875785
2943958
6929600
4294978
3318965
6205149
8110921
4105834
2521267
8455001
3685175
8000781
4411219
4338155
6458294
4738477
3524156
2679984
8339289
4380121
8139237
6686011
2812049
3569480
9645515
7271430
2825773
3822571
9478790
2834341
1606404
1130914
1363290
6952632
3789318
3815085
9320709
7072238
9974034
1479044
9255067
6793200
3735275
4488577
4277593
6096590
4522099
7971235
8037371
4465602
608049
8988336
2741937
7440614
2774611
1487013
6768825
117402
4046307
5058338
9759907
284687
646324
8981473
5770561
587471
7927599
8238444
3191546
424574
7934316
467308
1480840
4024117
8564247
9265573
7193882
2440225
3074386
8526517
9937435
9531071
9391892
2175632
2242664
5730484
8193262
2683386
7908340
7910619
3039749
1394558
9103229
3309758
3203333
8741744
1705326
4424125
4439309
9516782
2301412
4090071
9932839
7231165
757793
8497024
1266604
6796074
9389461
3674558
8484855
7690281
8076206
6633872
5354119
909381
3991770
5574384
6938564
1087291
7077052
9606208
4982187
6839779
5839774
8169690
936889
1358803
6350922
4962424
4181882
6886818
4724862
5316984
6689169
3367429
8998087
4766512
7055977
8023619
8901592
3682594
2925747
5703642
4921523
6300304
5119274
2037715
4445634
3951806
1693998
304442
9459164
1991809
6099960
4917948
9227441
4865788
8801630
3580914
8883386
519671
4231090
8863515
1186348
1940211
3330276
7942833
9266754
6774356
8477441
2456593
5234062
8401051
7636313
3005239
9196982
4881454
6304597
4304437
9710821
5887740
194891
8732324
4390977
6229165
7765087
3945640
7264941
6936336
2691325
7389148
6745384
7548626
1670624
5999260
4738030
613189
9302589
9073172
7968747
6476465
1337318
3581059
4410403
1639460
7153448
7420185
6946105
2357789
2783400
4534266
5059265
188438
8112695
6123828
4852426
3642874
4372482
8233918
4572818
6551155
5361427
7931002
675740
5182455
8977752
6944082
9912184
8163848
7425484
5587442
3589042
7429597
619896
4797626
2313370
1198412
3943610
5814715
8051869
5208188
6747063
6985988
7433648
7049508
3607423
9663388
7434204
8390223
608809
4121838
6311345
8946670
1774152
9169360
3717099
3498334
4667160
4917489
5361469
7447180
4138805
1221224
1303689
4189233
8345048
6910615
9548360
9081998
6293547
6685809
4574802
6240057
612954
5920295
5823360
7445593
4774161
4432196
3104887
2214337
1716655
4536424
8384563
6266596
127389
54619
6986996
9946906
8328656
4460585
811472
8831268
7431203
4730363
748304
8220494
6714231
7473047
2976804
9962638
9558834
1481057
9776859
260418
6008118
7462417
6085441
7838345
2616365
7627654
9341031
5095927
1475273
706526
884620
9808770
8402750
4163441
8389728
8263617
1733591
2266394
9943062
6839405
2974365
3142701
3172330
2723929
740420
5266109
6714165
7658531
8072332
2079419
8649758
4414057
7931426
2220677
1977873
3517893
799721
4261837
5957520
8520839
2498667
8353338
8189581
6195997
8341689
1467936
1158068
8851441
4744801
3043379
8620632
6915663
9024041
402889
5886276
6929723
7151760
7162979
7695602
5617299
4730410
6042351
535889
6013255
2029631
478955
6137711
5984494
7047899
63753
7729795
2276844
8834958
8241893
9828811
2367240
8512351
3305076
726936
9265909
9245173
1574598
7965203
9738774
1102376
1068452
3262806
395127
9124021
7026419
7229019
6380062
7995155
6878657
628252
3045301
8527378
8996687
9305726
7459516
2049459
1399616
6889485
18765
2505130
635248
9189818
3088862
6517441
2304162
93399
4693871
2334471
646127
8961335
93141
242699
2883533
2233917
1420300
5247860
459279
209871
2162490
4540209
1586833
4618846
6515309
6436169
7667054
4246728
1887292
5541247
7615596
7533638
2387806
4696391
1229864
5962351
4776030
7417534
6577907
9457414
7105704
7165907
8343292
2579433
8313836
9457391
3115838
808334
3041275
2066029
8071789
4105124
551659
3636622
9328076
2560789
6656368
2971241
9173374
6891722
8599945
2152831
8398557
2773778
3752903
4826708
3213751
5607548
2759315
8412919
8543874
4938636
586492
7691590
1070604
1846536
3524687
6743337
610082
8857417
7504514
6113132
3552872
2390396
3496930
3084879
8926238
6948219
7083269
7579306
7939429
2854252
6383016
5501929
8719023
6163246
2117026
8722367
4880820
8389745
657179
1526706
2554145
6153069
7030829
9022768
7612116
3830072
1785487
5350232
8422578
2538904
7816620
9540003
3303055
4736293
7171608
6000367
1287271
4326839
2872720
4494004
4780783
5414475
6318777
188473
2828379
6094631
4521670
5251135
7635520
2069653
8668769
5265665
3756768
784593
1403169
9770638
3029796
937921
4492168
8404511
4694449
2256477
9224082
4932467
4056092
4896049
6432192
7365562
4197339
4720003
7362985
3428417
5340691
5254526
7860172
3141506
2083217
1133905
3878192
586432
3050344
1499894
3750412
7937025
6143968
1920084
9430923
3507528
3077218
7956918
7730414
7009413
9519190
8378580
6801909
3641469
9757912
1322005
5408090
565818
1057023
4811811
4107932
440829
3005945
1861418
9630010
7286687
9145627
704477
9330662
5742097
3434425
6647600
5457828
8637887
2850104
9934794
7876706
5612924
2734243
9260455
868608
8304855
8006553
5433117
4956926
1151563
3929263
8190534
241465
9216564
6422227
9740111
9828202
6045215
8942223
8640029
5312066
5508873
2727672
1338912
6986154
714433
5150038
874613
7339291
6742970
742671
1850665
2652174
7520320
9840984
6716712
4480598
8838485
9376632
3052929
7800085
841264
367698
1984252
3704929
99587
4793785
1525846
1282698
2026397
1719437
6026613
4478963
5003722
9482016
911677
6680449
1262247
7316614
8119297
7386193
471745
2350743
3598766
1200224
8307836
9911500
7671589
1624733
9749717
5083022
8033164
6976747
3627583
4057986
9216098
669681
9945778
4061514
6719533
3391318
8693549
5678638
1685696
9728431
9492977
1162080
7897935
744134
2651173
5374253
9627489
1998750
4290558
2756503
913077
1618086
2269360
7830712
1440460
3599504
4583236
3742221
4585496
7319370
8117938
6605314
396577
1932381
1546478
8337214
5917739
2083992
7692069
5275541
95640
6623421
9592749
7564190
8400289
3929693
9949532
8768525
1616286
9389924
4995938
6621255
3109726
4952957
9932524
9649400
8107256
8833493
1717278
10133
1946829
8536519
6243965
8996970
7666981
2526927
1256650
5317290
9991610
6388885
6438500
1840879
3714156
836288
1332797
4592647
1364120
3480161
151316
8940175
8197995
70578
8728412
2886464
9377444
4766144
4556476
3301736
7853610
242812
5300855
4238850
5662109
7433504
2390125
2167051
5279383
4085470
7395702
8533526
9241626
1471364
9321525
1686052
5090663
904368
4921826
9844003
6059154
7441465
1500822
6202673
6476224
1019304
4643184
5561282
92615
5908727
3931048
3093880
6066008
3763906
4791127
8735216
40265
8899145
6126001
707616
522939
5880291
2590315
9209641
9291220
6002708
9830239
6973552
1869423
714628
8276695
2812597
8929047
2157621
4871422
7744033
5961722
8455417
3358615
8332538
9478563
590527
7061732
492161
9643206
588914
3066146
9423255
7678943
1836230
7623675
6369779
2939371
9242610
6014567
6131371
991941
9420028
5400228
9774524
6998546
5733817
5451110
9030960
1504589
5920922
7917042
5200673
8848859
7365260
465564
8093190
3485089
4543288
1827351
6374
4149819
370545
6920270
5810075
8576303
3117165
1078209
6058986
5578916
9154282
3587375
2501824
6973894
6367174
7870508
4114960
4412176
9894965
5140948
4417766
1791288
7722781
3162781
3584362
6836604
7644758
625127
7518767
2176549
4198117
6127806
7313106
8834219
2643340
557678
1140267
2188570
4948898
6575445
5159298
2428869
3538894
9030543
7215350
7870894
5151693
9212424
2005523
6660378
2434477
5520789
4681759
8482066
6230760
9126034
407224
2044159
2443519
5180048
9216733
6548748
877347
9517412
2264540
7424034
3467832
6790646
2943095
585700
4681755
1774723
2168644
6922627
2088200
5481749
5745302
5411876
5820537
3552545
70963
1984457
2670346
7291176
1123328
34062
942054
6670053
7088732
3934629
2263131
9557821
9986420
4657878
5777870
8505447
5738673
9851770
1249678
9798361
2148668
3386895
5771980
377627
2705971
9491725
37904
3749786
6020989
3971286
670172
1948923
4065094
7350062
2492652
1497133
1143504
5316123
6419941
1005766
5885828
4007073
3252905
3209087
3739953
6803049
4573808
8428673
7061143
4127480
5841227
9853317
4252026
2122121
6517159
4800793
5002352
3463201
3740596
236332
9601322
8591305
437042
5495703
7583203
7529911
2653188
8804543
8900222
6578517
1044034
2382523
6936221
4581837
7447002
4124597
2807577
2785122
4877387
7672716
1427114
7922484
4192998
2155669
8683346
39071
8097326
716569
5632740
4483020
9343667
6098338
8886556
1654399
8802348
5240025
5458054
8885947
3091426
2626697
4104195
1806858
9603136
5073008
3731990
7025311
2522404
1858608
5308834
9751137
9376322
5248881
146971
5436140
5359398
9901811
7285944
5903389
4306664
6963582
4095295
9638400
6795184
4240548
7153452
2826690
877415
5905446
2756218
2330872
7504730
1045280
1463340
1083126
5277364
347458
9363455
6782578
127827
3805397
4506993
263111
1146891
519630
6449764
1392605
7538480
2241659
6663818
3757113
6704113
3439719
6864711
844711
8754502
8816519
3767027
1374939
8390300
7034047
3375991
1285363
8863289
946292
1004580
264144
5971853
5848894
3575114
8392803
673448
6030908
9583576
8247070
3232004
6728634
3081252
677042
3891998
238435
8843825
8253177
8909791
5891588
1630037
1871263
5473663
7023829
7683492
4230213
9249195
5081086
2795707
200256
5194652
1040153
4907671
561348
3973931
1902065
8143182
8187596
9387671
25828
1647085
7198562
9128834
6052011
816010
8941023
3076046
7678571
4345118
3519653
9380272
6283743
5958715
6693361
6901650
8662038
1829746
3991164
1718831
3354701
7357515
9443484
9316940
8117165
41336
5110871
9076256
4692183
6139123
3158468
6456798
7236375
9000661
4268466
5069061
5041286
7072454
7987265
6345038
4551799
747948
3968655
4653286
7516447
2107222
4269785
9536019
304740
3445726
2153542
6817080
3869593
5872312
4355429
5555923
3389065
8106500
7193086
9890509
7370274
9114588
7471684
5604403
6149404
1708964
2749164
2884515
9481247
184254
525744
5747690
7180861
8750158
8246403
3274983
643483
3977660
640867
96337
1266651
5927444
7465968
6588195
2102500
5232703
208968
5211353
8082986
3979574
6180331
4836429
7807292
181802
1157418
3148046
3012908
6410435
838299
3406255
8446370
1466151
8557676
8066533
7407326
4870211
1556972
1218470
6624277
6137553
6886856
8205319
2227812
4871920
6115323
7363809
9595223
2936478
7974078
269298
2822475
974782
7535196
4715471
3204590
5013893
3196171
6566723
3379594
1646387
7483688
6506839
9696810
7189088
6420440
4223205
1814248
2971010
431626
5576326
2929433
6695675
4499211
1612434
619151
6941260
1567385
1880556
8491687
1497909
8491574
5827695
8927333
4756618
1619957
3897304
3606178
9198222
4409164
8360213
4253530
6304240
8770055
5056931
1904224
8401072
2995938
9636120
5850208
8214403
8745319
9937552
2500370
6398432
7033548
6376379
5272821
2432052
7844937
1413947
1679380
71431
8933062
6882196
3972324
2976678
3037792
3512452
9001814
7880852
323740
2743562
9651908
9470321
7267973
2286077
1801248
8381810
8431137
8334253
5310886
1629147
8916461
1190702
1512809
8293889
3201505
6224314
9308367
2883272
7571159
5784007
5029955
4223392
859701
8823608
301388
4757142
2618880
8424099
3472667
4713822
8658677
5785785
6403102
1811796
9254253
1791286
1652453
2510153
9458674
7867823
9509801
2471516
28122
1667387
3136618
4745620
9075869
3921542
5260144
9274930
448808
2117677
2051408
9004870
2283951
6432434
5468604
4602587
4917501
9732923
9022552
8914201
1508334
7317394
3714087
2093756
9129551
7843014
2502916
5162738
3435310
3870780
3126476
250794
6264405
9405699
609199
4726411
6366749
4551149
6052244
6309675
9194110
7352406
8185509
3963878
2232058
8300003
9791426
7647461
3495992
3673488
4483859
3532206
5889760
1579399
9912423
4893814
5595440
6796497
168185
2469435
447001
6959154
8093566
8819512
1264718
982938
124481
9835899
6189902
87212
9406731
6620305
5959322
1513302
1563102
8160970
3692091
7017600
8276966
2529289
6232246
4768105
5591502
5181491
1913343
8017766
4465184
987671
237785
2848842
35967
941153
787468
39238
3386143
4605368
870423
6931132
2050945
9875491
5717421
5696131
237859
1941790
3645924
6091535
6467537
171742
3092546
9023646
7270237
214815
9313353
4947509
853059
8911490
4798393
5236329
2739998
6581126
8433029
7708457
5068487
3519491
5227132
9225761
9549050
6818421
7404939
9374138
9349995
7434567
9284509
4973310
5291973
3715237
2639722
6453369
4801404
1598457
2905821
1491748
9017518
7860640
8609015
4673482
3954867
2330277
599985
6268890
6897584
3000838
6356085
1502235
5527030
4784266
2939508
6478679
1802965
7809167
1594382
4808907
8464294
7175710
1238050
5163891
3132306
4024403
1609631
591765
6094031
9890818
5812009
2202354
7322009
5500319
5111086
9583143
3918529
6865386
2041248
8981993
6233513
2311997
193135
2704645
3664409
4841656
2830245
8085254
5217536
6299183
6294026
8935797
3106950
2810249
2276935
9688920
9689641
2532108
4556850
8307213
9534828
8257737
1364052
7957983
6011696
631103
3141608
7618357
1070602
1336587
4674275
4369250
4450868
9869843
6890858
8817089
6864340
3674328
5300955
4635506
5963431
2180168
8814242
7550338
6135083
2167860
7747527
4122405
8058534
5796099
2010943
5632697
1562245
6506500
9545224
5307121
31771
7418932
3526045
3645469
7656133
8938710
1699344
4593842
424874
4341866
9593138
5156937
7708856
5481419
986794
7107965
8651716
161527
2699180
7291754
3340008
8550999
1150319
8423783
2451436
4684179
7347440
659588
7408410
2438907
9745546
5466218
2029099
8456498
5399389
8834709
1627342
5041726
4718174
1222359
8013938
3304342
3114147
2179287
8611108
5919613
5609681
9301223
411270
8145324
9310468
8275623
8867636
6349191
3439744
3573831
7480781
1132399
3222112
1837542
4199813
5966034
4834280
9315835
689596
7456397
2713251
3522163
2978465
1881053
2044543
4390081
2855898
395769
8786499
1791474
7980649
1606339
8051489
580953
7326342
3879681
1360755
3786166
7604546
9791989
7799544
2671110
7445163
5273225
9110595
2302592
8160377
5232464
9206545
7477118
8419741
2610780
2533544
736936
5679115
438410
8402953
5633608
2638842
7797894
9564357
8093772
8052259
3132287
6558414
554431
4350397
8742857
5104771
5913043
4592489
6673303
8792053
1163225
3497994
9233506
6847720
4396533
186477
5913774
6582216
6788493
3107685
7685748
8900111
9499755
5819196
1048407
1161689
3190688
7326259
1345942
4137323
742100
9004778
912591
4048653
682843
3574272
8072102
4127702
6338239
2212410
7987118
3943840
6143386
4346118
245804
514329
8059378
1247221
4565076
3954687
4813477
1847640
6290553
8963403
5584892
746919
5233530
5490582
2864986
8144330
3678000
8351261
2144863
3295817
3185067
5705850
6737510
1891336
8142870
7029118
7817154
6672365
2483517
4066369
5213517
7398898
9289663
8878477
1661643
3399597
1310707
8260741
2431667
6606338
8975634
9534911
2634530
4146852
8233753
9366913
976650
5962894
6236587
4211615
9959067
8682599
5609616
5238289
484923
9400642
5941741
3421555
5599362
2022453
3969505
2443675
8107946
2981414
8678648
8783387
5906133
8448815
5450247
9810576
5069559
299320
8995705
9286687
8308075
2049967
2914226
5773663
9820630
1272852
714436
1814997
8188733
4384096
3580804
1420468
252709
3320097
2740221
5065784
9444259
9093588
9524830
2775657
4314679
54580
4939303
3158813
3446900
3845931
5567877
2286841
2435089
3574022
1648576
6944152
5686463
3875940
626119
3148216
4236736
980630
7295695
9612848
182236
6544776
9610308
6894842
1424726
252690
6509404
3787
726907
1218319
9276956
7407564
5492317
260931
5211554
1634502
3297012
568181
6644927
757304
5192699
4436647
4703682
3548955
2500716
2430978
9396512
6013028
2440214
9224050
5088769
1627642
3173454
8085626
2840701
9663046
7469954
4772495
4256571
8575229
6484981
7592176
9402110
8986839
2375978
6704158
7049897
3822822
8928943
2191013
4847466
4619687
5823005
2701375
2668664
4122472
3375032
5610569
8713591
7583210
3430593
94555
9964138
3166648
9104888
1253262
1595314
1919122
9944216
7673828
1988531
1775882
355882
314539
3123962
9905731
9965324
4654115
4288345
8258218
7474748
5581186
4338704
2045328
2490710
9250613
7385653
8746357
913007
9298275
8562161
545499
3124868
6739201
7911621
251556
9564619
5968500
7887557
4577070
5530624
677752
6660780
7613302
7632151
2600277
4397519
5896169
8783933
167027
6242818
5453280
8351340
5904584
2780621
9516384
7002466
7309361
3752008
7247087
6365551
7600153
168324
892607
8027730
8673297
6030724
415306
6701692
884272
652677
9863839
1329433
2049931
4375683
4799957
4962242
4793502
5533704
7382943
7116921
9694258
8990812
5433822
697692
6372205
9378731
9098440
4718943
2305957
5261225
2078684
9317541
9476130
4044305
3664439
4760406
9858351
5623526
8951140
1586
7622971
3859513
1458426
5648887
5743597
7305231
7128558
8066364
7744450
6096971
5885381
3308492
8299009
930599
6457523
6483758
9820942
8454479
305629
3703026
8978283
8300341
7408662
1687145
9389127
3357109
9043299
4486368
2917384
3006933
9188206
6988921
2309099
5820782
2225836
2336634
5561042
8912727
7118267
1776285
1396907
4995222
5139699
6534152
3515623
6829647
8467025
6527658
6312539
5192346
2829845
3291148
9798145
1826789
8272500
4895001
3111954
7990616
7450493
1581813
9851534
5956380
345565
2154874
1361628
3825192
4092150
8913803
2406461
8059810
5204340
7374239
7279581
9456453
9886361
1102595
7501696
5669165
1254881
9228382
8326063
4199609
5323924
4250934
7510902
3209662
6619237
3166564
4636082
600520
9996887
2670368
793280
8568486
6348841
3220283
1054458
6931332
1865202
7587162
1747724
8629062
4498104
8512225
3497059
8529496
3434040
6740220
8060677
4693934
8658556
7084937
6954715
6212599
4730733
7160885
1606073
7731460
736156
9059374
6718781
8831194
3292121
8953783
9759426
1854778
3557310
2094844
2848895
5123208
8422512
2770633
5506071
3590569
5060194
66084
2190715
514062
818476
4389419
1073046
3454655
3031433
2853419
3493410
7354971
1157687
5733899
8562678
1180976
7629152
6185726
8231898
64545
1464865
5058013
9246221
206976
6457259
9850034
1916409
5432011
8130785
5563208
180782
2082804
2247488
5464923
6060848
3535110
8095805
3518220
4722900
827407
1491823
263880
6062987
354444
9654521
6093924
10903
4215933
5905659
3264672
3688199
7034156
4500968
7627081
9652276
2423012
6689369
8878654
6035739
2730548
666127
3015412
5930105
172450
6593254
9665914
6272870
2634776
5352358
8432372
5560673
5749826
6230425
4779292
7297146
9826127
358239
7655568
9868373
7009489
1108361
5417012
5249762
3077365
9375919
9294279
8125557
9578169
5598699
6407251
9025100
1772597
3151465
5105734
410964
3772920
2586996
132754
7000073
2027516
2524233
3930776
7636656
8732485
1092231
5336461
6469738
6376090
2361873
3019797
6888264
7025450
6612725
6143984
6011456
4551030
4015593
5627267
5650981
6812017
8219072
2666279
4950881
7358321
658666
1166308
7537105
9127811
6725666
5239817
9633922
3125213
6730939
7869604
7925021
9059561
8492176
1659847
8680100
3536265
2257596
67530
2278994
4713933
6909987
8826431
8829992
4591674
3395425
1954385
3902519
9732744
5497532
479574
365206
4983451
5338887
364987
4607628
9172134
3813972
7064667
9347802
899818
7902386
5795877
7465154
9342834
724825
7195028
3021793
1038750
2352271
8743020
4039294
4206119
6863758
6155794
1284358
2202885
8812131
6590330
4065905
6008335
3111355
3743196
463260
1806032
518773
9300563
6177905
3830837
1630220
8919917
6828333
3971067
4496136
869056
606618
9639723
2150052
5380032
6828840
4442073
9389185
9325389
1012580
9228392
286214
7787009
4218525
5888299
2815148
4270844
9311772
7295596
5159077
7192790
1545167
204369
9863330
8624085
6462992
4390479
3523523
6159986
1148138
6471442
9311483
4226257
7663884
3477809
7749736
4259305
2144490
9132012
172300
5027558
4701331
3462195
288868
1730975
7287230
1190103
3249307
2787917
5874526
4981903
551336
296455
6951592
5149097
1326340
7277072
7677030
2364742
9557782
9690532
7268103
9338293
9800754
2887584
789241
6381428
1269309
7022136
4971658
9298101
5422436
9352799
466046
2845016
5618092
2628945
3507181
9065755
2279948
1824949
1550697
6848327
5352671
7866792
1173390
7790523
2281395
1639544
7420989
8800143
3675733
9688625
9988611
8001539
2549365
5074133
6440955
7303627
6631099
6173319
4844056
7601784
4210075
4628703
9446034
6908761
202813
2715290
8211456
827548
8331435
4936153
6790281
8919882
5957748
8538947
9803921
3061169
8895579
7593235
5346565
8148392
146560
8746971
3745195
3396537
8497410
2454243
4224307
4156163
4579782
7124723
3965978
6131072
6815220
7226316
2452633
2379099
6416750
8191519
1816562
3920403
7548066
9031736
5392142
9519545
8203123
9003367
8517828
780528
5073964
5076763
8245195
7467307
1030869
2828329
3002349
3189151
5106872
825197
1520605
9090012
5723933
4817161
4137558
2817455
4204606
4251160
5238717
4748269
1357916
3610703
9443422
6742375
8892490
8969980
2638339
5587826
2489273
8295912
4488779
3432964
4109581
7293061
4801437
7032880
6011432
5493729
8289920
7030923
9680209
7709512
1260300
4718825
4663362
831410
653999
5122100
3654459
8684990
3115615
2924279
298821
9746302
8529105
5396453
5401431
6194208
8019532
6940116
6660406
6710979
5374704
8551535
8946761
283801
1220510
2489801
2256650
4775908
3611745
3976497
5347482
8524555
5923291
1685099
5783055
1000276
8442257
2697322
7970628
7616212
3285827
9149399
7799886
5222711
9700042
8918660
9960724
176464
4999934
3730894
2550434
9997777
7923559
8737659
4027230
1243231
2604331
3234153
1109481
1557362
8075149
126748
5912446
1548752
9481553
7329334
2795047
998669
4523419
7121468
125234
9981923
3157783
7053601
586477
3390441
5652357
29336
8572440
146065
6696706
6866884
6927244
6064784
8313785
2078066
1563053
6828985
7674219
2004264
3501829
4017064
8072549
2782530
6729864
1000401
7640542
5008237
7424175
2080081
7892989
3683944
7197738
1045650
4371945
2509195
3320400
5910395
1955588
4887346
2202768
7741060
3789734
4160531
6818674
4376549
369003
7806836
9580431
2336857
6003635
2546532
319881
9110061
924349
6976202
3234888
9052006
9354526
4952607
7165316
2658095
5055155
7069318
8907145
8792336
8262421
8203855
7757831
7055901
8751851
9981652
2892840
1861688
9935643
1549938
3125415
9726617
7236330
9958510
1165097
1052453
504098
6260963
9882839
9388061
5127026
4532028
6259614
3290426
3521483
6194787
1046495
7538567
2945407
7784183
7857927
7271619
2587018
5749431
8734582
3591763
6210674
9509147
6502585
1056238
5571103
1228368
2310362
6122639
1756265
4608294
7412067
4470209
6527929
8082686
6810092
6614623
8798235
3034880
550671
9348558
2955538
555398
951339
5070018
5030959
7481516
241099
8451551
7278617
391864
286813
9921956
5191564
3401135
1511988
9494513
8364449
5241658
6690647
3425290
99764
264996
992807
9100035
2167973
4556998
1703956
6826291
7127671
6723296
8897784
1482432
9260038
4104988
3308471
4961200
1255113
3044079
3900551
9214003
2676899
9946878
3715910
8324564
4630145
5862181
5782762
1183119
5323329
5172494
5946817
8523498
5881881
2554925
6482388
2351021
8434545
7577843
6518502
6714832
8652699
1910514
4365713
3737092
7032487
2204374
4925848
7421930
2834552
5825804
6598590
257494
6661519
1829950
4928121
9262268
5633141
865088
8262852
3210988
8230420
9139134
1000064
234993
4362990
9055996
7611452
2180
1524849
4629476
7467098
3587085
7622149
7175833
6330449
4099292
4214379
8213147
6663751
7730463
7318489
2428201
1084648
4647551
5663273
9385617
3535347
1639800
1278561
9532059
1886334
6587585
1978492
9458236
5756363
287573
9765352
9170966
1453005
4370480
9578407
4158303
9826700
2420877
7474278
3793541
1180165
2473958
1268496
693399
1483615
4200577
8567990
6017465
465484
4974443
2999661
732684
3141206
5051051
4389758
1192679
3507159
7506615
3093647
2864514
6653983
4779364
1030661
6371595
3748450
7506372
9362567
3646309
9459440
5733889
1577245
58131
1465340
4124204
8807538
6053085
5779334
4858025
3767757
4365796
847759
2383120
7563826
1660291
4815781
8322301
6688079
9974539
6710355
9994636
8008451
719486
5095449
9239061
5590458
2752175
8541909
1551461
9294474
3264718
651849
1906765
5990446
8760958
664239
8548202
2410598
8977155
2568695
6514665
4419942
9769689
7383160
6356624
2098832
2134155
2007837
2850456
4918552
3003270
9510119
9354884
8661700
2396824
3538347
1421875
2842975
7424946
9026022
7039003
4735434
5632593
603999
4839858
9453787
3206454
3029479
1389064
7031002
8533387
6589656
6684180
5842479
2417781
222259
3578926
1628433
8053423
6716289
3302494
2266373
5475233
8545802
2258106
5912693
8664140
6496243
9603329
2767020
6743294
8788812
2590830
5610886
4160467
805365
7206837
8611253
4916601
4353276
8895482
2883674
6093114
6547055
5702466
7676026
8430351
2948896
310691
617582
40948
3985968
2630927
9612508
8839350
2059685
1536963
4764065
8327924
7364773
4703531
90684
2585371
3073401
6604846
1066261
2687673
6621336
5057013
1935432
9839685
6541701
1652778
5584096
5157552
3024996
4526918
4903585
5997769
4376900
1112279
2391120
3296434
6336845
5834566
7648580
6534251
2676815
6757656
4155614
4786293
7348937
976673
5475788
7259792
8984893
3375255
1333568
4241404
7063893
3791337
9174548
3753066
1565733
7920487
1776281
8791236
5001967
2676131
5093853
5207212
4752609
9187119
6122204
2937439
1060405
6097251
1050047
4131707
7717462
1681333
1768227
8391881
6113561
7247242
1155607
1344828
5763635
7937423
1394611
1114846
5547773
3090330
4880627
7012455
1667929
5403347
4137452
7374551
745736
7963200
9637539
2580404
1846547
1341106
3626292
75270
7505948
1433912
1474774
2040457
7613742
1953842
505730
1670035
7313453
593208
75532
7954625
1305438
9775485
3405944
6984075
4624006
1937543
1051487
6970034
4034726
9932425
5055714
9934715
4940416
833872
8452578
4311676
6108838
4569547
939769
2323406
5947429
3439218
9086329
9938942
4662356
8112748
5868533
5587257
3906149
9094154
6936223
7921218
1414098
2823016
1898944
1824369
9746964
8438425
7885655
4828848
6111210
6467435
5165670
1760585
3855337
9088031
3144933
506558
3483487
3989075
5065480
7027076
4016587
7449162
9738190
4781342
8734869
1643082
6778712
8772418
95385
1243041
3770958
6574021
9894110
8674633
1137556
2508795
851305
4950256
9513472
9027492
4431144
9755340
6108210
6230452
2267282
9147643
6307289
8100195
8399507
3745422
3240968
9700316
2135094
8798120
8371664
9832084
5420897
7538737
8977535
903023
1968661
1587660
2198151
1128398
4051807
3431613
4418519
2922463
1502851
9007388
1865627
7299906
7917717
5835405
7679054
3619868
8774813
6697992
6011645
687145
8095078
3205171
8574191
8407876
8459613
671507
3123869
9748133
7753524
6048999
6892780
2860667
7667572
3305902
1469822
2789173
6018229
7070361
4002662
3528011
1777063
4709267
8184518
3063642
6657711
3645816
3281210
6961780
5216089
5400603
2317916
913142
3476721
5746842
9320188
8992421
63674
6177436
1836512
3670456
8019353
4592098
3598555
5508384
7261376
5821553
7165977
3188343
6245925
6286399
927160
5748197
3584006
4379312
3553412
1639876
2910566
8086732
7750224
7715738
2673571
7690315
2796789
7042788
6962398
4579759
4079063
3908162
9934594
476772
3784111
3293555
413780
5260349
5523359
6311469
7861177
1276580
8396048
4593733
7914658
4381457
4045732
1254566
5845452
7649706
4412843
3858898
1277658
9892908
1140278
610316
515252
7500104
1943235
6116075
6301790
3887534
4494595
3984195
3003725
6702424
1921562
6104698
8077615
7495762
3436126
31375
5539493
5671645
340266
6989415
2587582
3412629
1687074
5641341
7674388
1594641
6018374
2816735
4446859
6041492
7808230
485149
6301975
6353239
822103
2876155
9117523
3847606
454381
4249889
6925946
1419961
176043
8839124
690876
374078
6215000
3325406
8287422
9194669
918450
30820
5645616
6777241
8783301
3427996
8389901
4128570
4639089
4348424
6481662
3852442
356533
5120902
5849279
3153154
7471272
6685475
9642783
5240462
4192123
594060
3988943
7186100
2478376
631620
9752234
2607034
6071824
5493732
1719388
6986498
913367
4669958
7184577
5984008
5568848
231668
731807
1121761
5945176
2207285
7002336
5207579
5590864
4479222
2499746
7525297
942468
3707431
787515
4864097
6196476
7518761
7913863
9467125
9262191
2272953
9168612
944615
795349
9507582
4986659
9534238
7457948
8357191
657707
1390454
7670810
4747770
8437930
4389689
2138345
9540926
7120229
7462629
8793758
6319104
8382915
1676457
5954575
4061550
6656450
4901005
578654
9511469
9020517
9995516
1777133
5577334
7389261
7511180
4672183
4284968
1891685
2298829
7388407
1899839
8716709
915340
7042249
9358733
6585017
9532022
1937798
5194954
341993
7909731
3877947
1169187
888904
5906988
1065758
9008978
4927091
7156624
4405143
2633280
7339267
8045348
8784635
3128752
1789757
9029953
9217239
295629
836232
4013837
3481352
3234592
4816521
3918430
6051999
1397882
5542227
5253470
2505724
4081082
7445561
5111460
3130687
7041577
3693600
6573729
1130701
8372800
601788
3330376
2589564
9291730
4897410
8718217
5154974
2717388
6069959
61567
9406526
2017256
7888628
4379339
2022301
5260113
7592515
3845289
6852615
7366317
498827
8573751
1610405
3436600
1192026
7922655
6457513
1930586
3967901
227662
8717507
8211213
5903444
15531
3779856
6379545
1288987
3810832
4861215
2851584
3913694
4248834
3541271
6840829
6129799
6581186
4286177
2491192
3856779
5410741
209565
5587801
4816266
5011599
4395205
5469839
4071992
1850091
7910504
5281384
3502896
4535462
3717294
3691560
2625785
4933226
9284189
6773435
7789452
6344632
5169827
4420189
8631110
1434842
7871077
3199090
6873580
3647533
1625251
683623
8039415
906386
5332563
6713502
6601817
7524647
779679
4069906
4242109
8004902
7708686
3253013
3985061
7171357
5265293
5052578
2116401
2400994
3947294
2538551
477773
967269
9107030
6586499
5079071
2585262
9931377
918103
2325976
1509625
3756544
5351146
1604676
549437
6367937
9531105
614546
7064300
2285459
7751588
9122140
5990946
4542153
7781004
1254142
2497854
9370026
7929329
3791518
2897542
4984095
5372423
8423653
2351335
1473526
778795
7692052
4782278
2726623
3017823
9642991
9184425
4989755
6579400
8616180
6843379
3059191
7856762
2806110
207435
1369821
3796343
1042415
4485131
5218340
6502919
9016905
8156436
7071255
689183
6509564
8712551
2096339
7141404
3305289
2678097
5885896
2779821
6022665
528109
9348810
9481618
435623
5373784
1716848
5406554
9096591
1776945
5237754
305365
9538996
1242303
8949838
9470523
2933780
5584662
9429049
3833935
2990222
4443547
2757312
3957748
1996412
1798645
6638461
2573562
7675969
9177753
5184473
8105814
7584435
8710315
928744
4076027
9219204
7441330
6105645
9504494
1097199
6699034
9863780
4597144
1270514
8540494
4855505
9561892
7780857
5883786
5963093
3535822
3192191
2929940
4838039
5391784
3648687
3463186
377851
7346187
1442546
3255738
452895
5652867
798229
6741102
377214
96110
922198
7979728
7456869
9003410
4500731
8206808
9810553
8972042
6869154
1795123
3703557
3867338
354081
2000158
791721
2239464
9137018
1605298
9577895
3444956
1879224
3178677
7213933
6466949
4268569
5453047
8146991
3322737
5679072
508719
1899882
736101
5277190
3928189
6070873
8888514
5500040
866994
9627384
957476
3846464
1655495
8560076
3226864
9104709
5763608
3205876
6389341
5099917
8886633
7640488
7810796
1994058
1113408
4896238
2152672
399591
3590435
5881431
4546510
1737083
3716987
4851254
246632
4049122
5852263
182351
8440052
3238904
7173660
106889
8707290
3350428
2787659
4321109
3346401
1786597
6930935
7491991
5366423
7707321
1030546
1987001
3677429
5264946
3075464
5940855
5895691
4120153
7704265
8264785
9581900
6805749
7037366
973205
6468981
206955
9096884
4104293
389485
6905245
1666309
8137705
6249883
5147809
7677027
534847
7135622
9774495
1555162
4613458
5008306
7088652
6910173
7110476
9535465
2377440
7477977
7641558
7605386
40529
736656
3806934
8058735
736322
1089588
2857387
7145333
9260098
1197441
2615905
9524064
3222923
3322910
4865473
8646297
8429914
7163887
8795685
3656526
6399542
6329263
928842
7601525
9517662
8016110
6291581
5945409
142496
3043817
4495280
3958769
6409063
8127800
2953687
7904746
389960
2201237
2782268
7815521
9621581
1387306
9555317
8750427
5955934
3196559
7598966
4219006
2991436
5654729
7118196
3059432
2426344
4175338
5263607
4317164
272637
7169612
4716892
1128026
5670297
200153
2542125
7685592
7083971
4447180
3128987
2350962
2441352
1394478
8002678
2051349
9445224
8901006
8020514
1238113
3061062
207012
4104063
8969171
973107
6537674
8158569
2725215
8385614
6305515
1380044
411255
3797546
5602900
9429951
6927243
3000478
9982000
151129
1615249
9052496
8468790
9635698
3950720
9713040
8495083
9747840
6893662
5662029
7510666
6396822
9794316
306653
489787
4854349
687024
1612050
1863615
4299902
5614383
4574504
8904941
8819395
249063
5365981
821892
3919755
8788884
4315540
6845253
6689602
2145186
5053573
2587561
9559031
3302406
9326656
6904890
3483876
4561843
3300042
5577696
8908308
1111169
1889483
9786125
5573498
2120774
8082136
7412641
4717135
925964
1508264
4000511
1564853
8444904
937415
8417920
4518427
583591
1207883
771226
7834519
8908591
8863637
2307750
9020092
5225823
8665593
6821788
143709
3466914
301498
5412118
1629146
1498564
1067538
2191342
9553707
4523791
8937339
7904140
5739948
3515492
1037314
3136229
278753
2187462
5137575
3374997
1407384
9665142
195222
5073528
734912
385024
7865137
6286565
2642766
1018540
2064584
4309498
6835790
2703434
97959
4307887
4259745
5184814
2193580
7242715
9723907
1156305
8712982
1615250
8413330
7409645
8995802
5914554
7848772
7595058
1525388
334226
4238581
449613
9076414
1901519
1508798
5515573
7921541
4402409
1603952
3073622
9036207
4102353
654158
5591488
5067798
5103517
9443872
4222586
4451646
1551637
8172059
6167415
3441843
5284023
1207508
3369209
8663884
6284391
1773044
79163
1424193
9191457
8981873
9346842
367714
2042323
9071232
5644627
3805489
9357058
6062083
3852130
3994366
2740453
9762951
8311724
5044244
2973994
5097793
3575726
5332306
4998498
5953058
7496275
7653552
649209
5762622
697706
6418747
7260406
1217143
8486440
3668301
8630756
7410389
8622848
2779769
9890186
989759
1199372
5904125
4359230
7590182
9875432
8269455
2266242
2861316
2799486
5845714
804144
5098988
3176302
845516
960796
2892283
353003
8778754
9825620
4727668
7571749
1835350
5803252
7623978
9572563
5987251
9244378
134962
3011408
3638408
3005314
1454205
3591836
3631775
7728603
2153166
2525339
2341648
9778307
4148542
4303020
1747177
2642760
7634758
5723431
1098445
9069040
2285464
8583240
978457
3370865
3930660
1014679
4718217
5007281
1758126
2908617
6481894
8870825
1661434
9728560
7237711
779066
4117348
6417049
3131585
6381991
8094927
7416711
9593587
3895189
3683415
5608951
1924993
5951334
8781767
7593199
8699106
5145627
4752816
532290
6415906
1329864
3592440
2018857
3182529
5497734
5743592
1626913
36336
3210805
1831403
7064883
3006765
1730009
3165905
5382985
815402
5947880
7400422
9202674
196990
6911164
8398986
8570592
9651761
4436150
9783816
417434
6028289
4207512
2515086
8716902
8884668
6688810
5899876
8596181
5542150
8762643
4022754
3366808
9158104
2839398
2197309
9656508
9455509
8489859
5365741
5858762
9564132
1622732
5480668
7382067
3655877
9242714
539812
447460
3163214
6103063
4876051
5865143
4568366
851540
8363853
4865595
8004402
1719431
4960377
7432154
9537965
7025422
5036243
4099520
6672456
94149
217514
7647373
442641
3936810
6037857
7066644
1786437
8839670
1468973
9713279
1777976
2329340
5634718
3365585
5581168
3269009
2574770
2544450
965048
7562137
5908640
189928
2386839
1728440
1061558
6821089
629892
1634728
7267834
4911581
6332862
8025790
4345196
9207194
843737
8269234
3912227
4963678
873617
4369777
6513767
3244091
6439133
6941464
6464996
48894
9896076
9848139
2925847
7700048
5281681
3433051
5983972
5640346
2305955
8855212
2113877
3112379
4372953
3357847
6542003
3806132
6323729
4125220
867012
9940002
996390
5804897
16625
3877545
1802679
6801213
9246947
8123460
4661556
1083671
5744892
6986184
2333873
884973
5924291
3721870
7078432
8908754
8163079
3071654
876628
1114354
7078689
7758825
5719407
7806508
4275686
1158477
4528152
103801
