8017184
9334790
8581374
7651570
7466409
2553630
8800140
5531756
4055293
7132200
6454851
5991015
987553
6410827
2171446
5980108
4348974
9228089
765091
9102471
1050346
5084190
613772
687715
9666523
7504596
5039004
7332512
4538978
593990
3370703
3305422
6764699
5023264
3239962
566098
8843640
6267042
7473217
1546729
199555
693721
7511270
454623
8195290
1666198
9846494
4333614
2300415
7557010
6878833
6740658
4619960
3432723
3927392
9722630
2725249
4537735
5452447
6641089
1125954
5314854
9256269
6791702
1613163
4402639
9670113
9906643
904886
7138137
7121614
8038681
6145993
1084538
4274323
7263272
8205698
8179847
1884684
8551123
4793832
3736764
2493662
7453799
1247840
7269071
3067627
9779866
3768187
2308127
2392286
3753754
5990582
9618088
2656956
3811802
1313589
6715685
2103010
408631
