348
862
335
894
554
572
59
145
233
676
189
655
816
813
289
328
850
27
621
693
207
939
814
6
992
121
539
575
496
426
830
413
604
710
349
900
802
267
348
671
865
990
700
536
88
771
497
94
225
219
404
189
116
65
182
482
739
220
825
11
52
460
434
953
426
411
953
461
339
694
696
112
797
647
756
772
564
184
841
311
397
469
765
711
943
50
798
760
156
855
777
787
391
185
535
604
439
10
333
68
317
225
559
730
418
332
945
901
406
626
539
742
129
622
96
579
895
538
430
402
879
898
191
27
65
553
290
445
380
14
353
227
623
263
698
221
972
123
576
586
605
185
315
200
39
692
79
368
774
689
831
300
283
97
265
648
403
380
105
264
710
409
509
92
633
328
937
88
819
779
297
356
474
866
785
915
100
782
145
617
933
746
395
499
352
924
831
95
409
602
26
109
954
405
591
774
687
885
336
497
209
225
0
381
750
521
257
637
112
913
31
483
909
923
738
567
99
658
514
709
695
576
920
781
170
937
112
544
323
721
982
75
322
541
643
41
863
475
355
493
403
923
10
410
409
794
294
565
540
103
496
409
285
747
512
365
267
557
592
223
948
209
960
136
784
147
173
785
120
682
316
1
749
296
131
123
198
821
515
472
807
276
147
330
833
747
370
589
512
856
969
288
541
275
140
871
508
914
356
737
426
268
183
72
33
448
107
285
925
162
465
842
15
862
222
251
954
809
699
341
500
702
477
225
466
582
290
82
829
659
711
115
791
749
448
62
173
489
134
296
821
860
964
127
221
1
109
286
539
91
580
602
541
850
891
772
386
376
293
211
522
557
54
887
580
884
74
410
256
345
243
538
520
722
789
708
818
994
866
553
906
61
440
536
782
369
800
641
261
456
633
994
779
420
505
308
336
507
209
170
623
528
63
199
777
688
179
938
934
255
446
868
421
417
656
838
452
656
842
36
305
232
744
791
443
470
718
815
781
508
277
347
688
900
917
37
356
900
938
602
581
285
408
473
93
57
59
154
12
917
780
835
887
985
960
665
740
209
42
394
81
873
675
774
69
782
220
921
286
753
202
248
274
247
431
161
686
79
181
703
782
395
290
409
951
386
917
443
277
176
279
321
460
318
758
111
982
563
843
712
70
127
375
814
911
939
4
215
370
232
518
990
642
419
710
641
126
912
524
2
368
610
328
656
700
484
662
562
828
558
972
20
828
200
250
626
729
809
322
359
984
548
674
125
100
41
435
656
52
762
223
371
307
60
782
884
977
271
96
342
193
214
551
939
530
858
366
444
815
30
728
63
195
262
806
420
994
924
837
610
820
153
233
985
409
324
688
64
297
747
144
345
42
988
934
57
570
933
701
441
989
328
952
585
763
955
72
700
656
317
700
328
735
47
759
883
43
999
574
78
781
665
969
739
431
967
856
142
826
272
722
7
10
854
566
465
353
804
657
245
632
91
867
278
774
749
878
645
752
589
651
97
362
816
651
495
949
733
264
736
136
193
118
308
692
279
18
610
92
581
796
288
339
102
809
8
527
787
403
395
919
527
717
440
415
365
979
665
171
83
728
114
660
586
107
305
629
885
847
512
744
836
764
455
735
614
342
159
682
444
383
173
588
319
217
682
948
310
344
737
915
317
886
316
847
95
547
275
637
237
937
634
360
370
605
720
70
864
460
117
205
586
475
537
331
412
80
882
311
448
339
357
840
219
90
111
895
351
454
840
228
66
317
567
404
7
865
244
793
150
804
242
1000
120
164
582
468
473
885
442
113
705
898
951
62
810
947
674
719
748
655
180
476
214
353
529
127
244
494
240
998
565
468
61
139
155
537
925
295
174
776
371
963
630
640
306
934
589
703
809
233
1000
585
255
592
227
695
844
225
54
78
884
73
229
271
790
32
909
618
133
393
816
594
770
960
511
471
949
817
881
960
639
766
114
368
845
144
331
412
76
962
890
863
233
28
807
378
764
106
822
175
674
719
733
327
559
226
645
880
863
363
76
116
948
977
122
786
332
11
462
577
945
858
940
809
852
232
678
151
901
776
73
348
298
976
600
130
2
24
951
102
658
759
53
274
544
771
70
726
932
259
508
18
377
51
898
464
935
728
776
336
145
224
335
496
420
427
958
321
304
245
718
163
207
328
870
720
18
364
777
514
247
512
251
580
445
763
831
372
353
549
775
395
231
110
639
604
833
141
635
162
447
276
966
847
497
892
637
426
697
320
476
903
656
773
632
476
645
664
251
309
161
839
588
711
95
641
957
489
0
