309
-772
-949
518
-437
-499
-543
-715
508
-791
385
516
827
116
-822
209
-136
-935
-939
-809
-553
-524
34
232
-946
149
-593
466
330
436
116
-141
-549
-81
206
-431
657
780
-987
554
650
-674
429
-135
-304
-431
-682
-560
960
563
-311
-791
-811
-222
-802
-265
735
-296
236
-459
652
-912
494
-60
98
-745
992
888
-225
-839
130
-400
698
287
266
813
764
-260
182
-607
442
-858
-907
354
-534
583
-408
-837
751
-524
774
-794
-222
-431
-72
301
708
-253
-667
-242
-273
-571
372
-454
437
918
399
327
-854
247
300
-650
93
493
-499
-666
-54
-223
-448
895
310
409
140
-551
402
-336
726
573
589
-886
-531
683
-935
648
-354
-179
-452
-865
-568
870
931
161
794
470
-356
-565
342
22
-190
811
872
316
-61
-708
-458
-715
-495
525
149
103
-462
529
197
-123
838
195
-183
-259
-551
-717
43
10
-814
547
-904
763
-776
-687
285
-673
622
393
-136
221
-870
-212
-219
220
-42
83
-486
988
133
762
930
-977
393
476
-766
396
812
99
537
-454
574
312
-304
-772
-399
-110
-677
-71
-994
953
478
793
473
-461
990
25
560
-635
39
869
-783
782
280
-389
723
308
39
247
-593
-687
-235
561
-670
104
952
594
889
86
881
-999
226
-337
0
-961
-771
902
-257
799
703
652
-371
-510
-882
-507
798
161
939
-839
-825
498
-5
671
-859
557
90
568
-743
-738
351
-27
939
125
-662
-458
80
786
242
-134
975
-567
902
104
546
494
412
-589
460
-362
-183
375
330
-236
-103
842
59
-76
-753
-493
-540
-869
-308
-957
204
134
-529
205
-549
-986
-855
449
292
-880
-532
-862
854
-936
760
-324
-855
52
-513
-430
370
-6
-562
104
-730
481
915
807
169
180
-32
-503
606
-32
653
-167
-611
-807
-802
349
-118
-275
-133
-159
-44
769
493
-890
379
338
323
-799
-876
-176
491
-306
639
764
-777
-491
-608
-611
98
-82
-713
-136
-625
-430
-53
-489
790
890
-846
-93
654
764
753
127
-800
-897
335
107
712
-970
984
-809
897
543
738
-516
-660
-168
-6
-15
-563
770
-179
848
-880
-663
-224
-996
-201
-457
897
605
607
-69
-416
-134
426
960
496
604
138
355
471
-4
-683
-612
-393
-555
983
-881
186
506
110
-876
531
-358
-883
-898
196
-24
29
882
746
87
-678
-884
967
40
-836
743
-620
-860
218
-861
382
765
-519
-174
-755
928
823
166
-496
185
217
-919
268
-833
-142
346
195
157
70
-353
914
-466
-582
371
466
-357
-512
-457
-190
-732
375
321
-386
-64
-353
902
539
916
-852
-981
-62
272
153
-796
-850
101
-564
36
-457
-729
911
-286
804
-860
800
-500
-244
-417
-677
-103
707
112
440
-381
252
652
339
83
-984
367
673
135
-387
908
358
-788
922
798
-725
-459
-764
822
-781
520
133
-682
-443
-423
238
-569
469
-298
-584
407
298
746
-460
35
0
-486
854
859
732
-896
-811
299
-133
698
-434
-910
-993
-317
579
-733
304
-464
-670
518
-96
129
445
-125
148
-981
-771
-846
935
808
415
851
-695
117
-927
709
-244
192
131
-697
-120
-739
-915
-369
-254
841
910
630
991
762
-919
840
-268
-570
396
-489
365
-790
-276
597
146
810
791
-168
994
271
534
-684
895
904
-516
770
-668
999
638
660
-638
805
-156
-950
-633
508
893
-320
602
906
-157
642
371
769
505
660
-492
-454
-674
612
436
-779
-217
786
-921
758
-37
-545
-592
672
880
-58
-284
-375
680
628
784
-534
-544
-952
351
-605
-184
-328
-430
770
-858
980
583
-429
-281
313
43
-182
391
727
98
-322
923
-944
-764
796
987
-466
-635
189
971
-457
-922
-778
221
-111
-293
492
610
-358
-107
241
47
-764
-212
842
180
-611
-479
-910
451
-107
-997
64
895
651
102
406
473
925
519
509
373
-597
-255
-117
-857
943
360
885
-324
276
-358
358
736
-745
474
843
-385
38
-367
365
-164
-332
-176
427
-395
135
-740
-608
-139
361
925
-224
387
532
848
-644
260
165
-384
-169
122
707
-1000
-378
-413
-570
-120
609
187
242
340
-341
-48
-96
-95
383
-563
46
-31
625
845
965
630
507
-653
349
-827
-419
55
359
296
268
-314
-809
676
949
538
-519
377
-365
-540
651
-593
-699
-950
-906
-499
-27
251
740
573
-851
-68
-152
814
289
178
-602
471
426
-214
12
-182
-501
-698
343
408
-989
828
537
762
577
813
-782
594
-130
-552
-640
646
961
425
60
-49
-898
141
-490
878
737
-752
-66
-727
641
-49
367
87
144
219
-351
945
546
825
-94
254
669
473
826
33
-127
701
857
122
-87
837
-675
523
764
-28
-79
-470
539
-494
720
305
-433
568
592
67
-8
283
-511
-438
-100
-842
461
-415
-520
-444
-313
-346
828
106
-835
-717
-692
-527
-216
421
-688
446
-562
-869
-151
-166
-323
111
-46
-149
-873
-577
705
-140
-203
853
576
196
937
424
-960
754
803
567
179
-221
-24
-988
930
-280
-389
543
-202
747
826
952
711
-142
102
530
504
118
638
235
838
-549
-1
-551
-442
-108
-6
-941
-204
-312
369
390
634
-172
483
-662
721
-43
883
-739
274
93
-945
857
-194
212
155
357
-945
-829
316
-123
-723
775
-55
-628
-898
-468
-224
-330
-567
-69
-331
